Pass,Profit,Expected Payoff,Profit Factor,Recovery Factor,Sharpe Ratio,Equity DD %,Trades,InpAllowLong,InpAllowShort,InpOrder1Atr,InpOrder2Atr,InpTP_RR,InpTF,InpEmaPeriod,InpEma14Period,InpAtrPeriod,InpMinDistAtr,InpMaxDistAtr,InpUseEma14Bias,InpUseAdrFilter,InpAdrDays,InpAdrDistMin,InpAdrDistMax,InpUseOrder2,InpPendingExpiryBars,InpSLatr,InpMinRR,InpTP1_ATRmult,InpTP1Pct,InpBreakeven,InpUseTrailing,InpUseCutoff,InpCutoffHour,InpCutoffMin,InpRiskPercent,InpMaxTradesPerDay,InpUseNewsFilter,InpNewsFile,InpNewsMinImpact,InpNewsBeforeMin,InpNewsAfterMin,InpNewsShiftMinutes,InpNewsCurrencies,InpComment,InpFridayClose,InpFridayCloseHour,InpMagic,InpMaxSpread,InpVerbose
224,0.00,0.00000,0.00000,0.00000,0.00000,0.0000,0,0,0,0.15,0.6,2.0,16385,200,14,14,0.3,1.5,1,0,50,0,0.8,1,6,1,1,0,50,1,1,0,19,0,1,0,0,abtg_news.csv,3,60,30,0,,EMA200,0,20,771501,0,1
400,0.00,0.00000,0.00000,0.00000,0.00000,0.0000,0,0,0,0.25,0.3,3.0,16385,200,14,14,0.3,1.5,1,0,50,0,0.8,1,6,1,1,0,50,1,1,0,19,0,1,0,0,abtg_news.csv,3,60,30,0,,EMA200,0,20,771501,0,1
280,0.00,0.00000,0.00000,0.00000,0.00000,0.0000,0,0,0,0.25,0.3,2.5,16385,200,14,14,0.3,1.5,1,0,50,0,0.8,1,6,1,1,0,50,1,1,0,19,0,1,0,0,abtg_news.csv,3,60,30,0,,EMA200,0,20,771501,0,1
389,-1002.88,-1.44299,0.88218,-0.50426,-2.17656,18.5232,695,1,0,0.10,0.3,3.0,16385,200,14,14,0.3,1.5,1,0,50,0,0.8,1,6,1,1,0,50,1,1,0,19,0,1,0,0,abtg_news.csv,3,60,30,0,,EMA200,0,20,771501,0,1
25,-1094.16,-1.68852,0.86850,-0.59170,-2.60274,17.6080,648,1,0,0.05,0.3,1.5,16385,200,14,14,0.3,1.5,1,0,50,0,0.8,1,6,1,1,0,50,1,1,0,19,0,1,0,0,abtg_news.csv,3,60,30,0,,EMA200,0,20,771501,0,1
173,-1221.14,-1.91102,0.84380,-0.60736,-2.76220,19.1800,639,1,0,0.10,0.4,2.0,16385,200,14,14,0.3,1.5,1,0,50,0,0.8,1,6,1,1,0,50,1,1,0,19,0,1,0,0,abtg_news.csv,3,60,30,0,,EMA200,0,20,771501,0,1
475,-1491.98,-1.26225,0.85544,-0.73787,-1.85179,20.1955,1182,1,1,0.25,0.6,3.0,16385,200,14,14,0.3,1.5,1,0,50,0,0.8,1,6,1,1,0,50,1,1,0,19,0,1,0,0,abtg_news.csv,3,60,30,0,,EMA200,0,20,771501,0,1
115,-2085.51,-1.77339,0.79350,-0.84572,-3.01135,24.6295,1176,1,1,0.25,0.6,1.5,16385,200,14,14,0.3,1.5,1,0,50,0,0.8,1,6,1,1,0,50,1,1,0,19,0,1,0,0,abtg_news.csv,3,60,30,0,,EMA200,0,20,771501,0,1
65,-1178.73,-1.60590,0.83446,-0.67693,-2.89158,16.9836,734,1,0,0.25,0.4,1.5,16385,200,14,14,0.3,1.5,1,0,50,0,0.8,1,6,1,1,0,50,1,1,0,19,0,1,0,0,abtg_news.csv,3,60,30,0,,EMA200,0,20,771501,0,1
289,-833.69,-1.33604,0.89507,-0.43621,-1.84840,17.9534,624,1,0,0.05,0.4,2.5,16385,200,14,14,0.3,1.5,1,0,50,0,0.8,1,6,1,1,0,50,1,1,0,19,0,1,0,0,abtg_news.csv,3,60,30,0,,EMA200,0,20,771501,0,1
405,-785.28,-0.98037,0.89527,-0.51441,-1.65892,14.6136,801,1,0,0.30,0.3,3.0,16385,200,14,14,0.3,1.5,1,0,50,0,0.8,1,6,1,1,0,50,1,1,0,19,0,1,0,0,abtg_news.csv,3,60,30,0,,EMA200,0,20,771501,0,1
168,0.00,0.00000,0.00000,0.00000,0.00000,0.0000,0,0,0,0.05,0.4,2.0,16385,200,14,14,0.3,1.5,1,0,50,0,0.8,1,6,1,1,0,50,1,1,0,19,0,1,0,0,abtg_news.csv,3,60,30,0,,EMA200,0,20,771501,0,1
176,0.00,0.00000,0.00000,0.00000,0.00000,0.0000,0,0,0,0.15,0.4,2.0,16385,200,14,14,0.3,1.5,1,0,50,0,0.8,1,6,1,1,0,50,1,1,0,19,0,1,0,0,abtg_news.csv,3,60,30,0,,EMA200,0,20,771501,0,1
50,-1440.14,-2.49591,0.77156,-0.79541,-4.18935,17.8921,577,0,1,0.05,0.4,1.5,16385,200,14,14,0.3,1.5,1,0,50,0,0.8,1,6,1,1,0,50,1,1,0,19,0,1,0,0,abtg_news.csv,3,60,30,0,,EMA200,0,20,771501,0,1
191,-2320.55,-1.78230,0.79335,-0.83804,-3.03232,27.6501,1302,1,1,0.30,0.4,2.0,16385,200,14,14,0.3,1.5,1,0,50,0,0.8,1,6,1,1,0,50,1,1,0,19,0,1,0,0,abtg_news.csv,3,60,30,0,,EMA200,0,20,771501,0,1
239,-1765.16,-1.47589,0.82312,-0.75977,-2.32400,23.2075,1196,1,1,0.30,0.6,2.0,16385,200,14,14,0.3,1.5,1,0,50,0,0.8,1,6,1,1,0,50,1,1,0,19,0,1,0,0,abtg_news.csv,3,60,30,0,,EMA200,0,20,771501,0,1
116,0.00,0.00000,0.00000,0.00000,0.00000,0.0000,0,0,0,0.30,0.6,1.5,16385,200,14,14,0.3,1.5,1,0,50,0,0.8,1,6,1,1,0,50,1,1,0,19,0,1,0,0,abtg_news.csv,3,60,30,0,,EMA200,0,20,771501,0,1
189,-1123.40,-1.50388,0.84061,-0.73673,-2.53118,14.9644,747,1,0,0.30,0.4,2.0,16385,200,14,14,0.3,1.5,1,0,50,0,0.8,1,6,1,1,0,50,1,1,0,19,0,1,0,0,abtg_news.csv,3,60,30,0,,EMA200,0,20,771501,0,1
368,0.00,0.00000,0.00000,0.00000,0.00000,0.0000,0,0,0,0.15,0.2,3.0,16385,200,14,14,0.3,1.5,1,0,50,0,0.8,1,6,1,1,0,50,1,1,0,19,0,1,0,0,abtg_news.csv,3,60,30,0,,EMA200,0,20,771501,0,1
60,0.00,0.00000,0.00000,0.00000,0.00000,0.0000,0,0,0,0.20,0.4,1.5,16385,200,14,14,0.3,1.5,1,0,50,0,0.8,1,6,1,1,0,50,1,1,0,19,0,1,0,0,abtg_news.csv,3,60,30,0,,EMA200,0,20,771501,0,1
167,-2550.48,-1.82177,0.78338,-0.88955,-3.27752,28.6344,1400,1,1,0.30,0.3,2.0,16385,200,14,14,0.3,1.5,1,0,50,0,0.8,1,6,1,1,0,50,1,1,0,19,0,1,0,0,abtg_news.csv,3,60,30,0,,EMA200,0,20,771501,0,1
108,0.00,0.00000,0.00000,0.00000,0.00000,0.0000,0,0,0,0.20,0.6,1.5,16385,200,14,14,0.3,1.5,1,0,50,0,0.8,1,6,1,1,0,50,1,1,0,19,0,1,0,0,abtg_news.csv,3,60,30,0,,EMA200,0,20,771501,0,1
121,-127.55,-0.17330,0.98618,-0.07679,-0.26158,14.9044,736,1,0,0.05,0.2,2.0,16385,200,14,14,0.3,1.5,1,0,50,0,0.8,1,6,1,1,0,50,1,1,0,19,0,1,0,0,abtg_news.csv,3,60,30,0,,EMA200,0,20,771501,0,1
95,-2470.37,-2.01334,0.76108,-0.85143,-3.57417,28.9809,1227,1,1,0.30,0.5,1.5,16385,200,14,14,0.3,1.5,1,0,50,0,0.8,1,6,1,1,0,50,1,1,0,19,0,1,0,0,abtg_news.csv,3,60,30,0,,EMA200,0,20,771501,0,1
426,-1437.60,-2.30385,0.73931,-0.82779,-3.37854,17.3391,624,0,1,0.25,0.4,3.0,16385,200,14,14,0.3,1.5,1,0,50,0,0.8,1,6,1,1,0,50,1,1,0,19,0,1,0,0,abtg_news.csv,3,60,30,0,,EMA200,0,20,771501,0,1
233,-563.14,-0.79540,0.91025,-0.42334,-1.32779,12.8565,708,1,0,0.25,0.6,2.0,16385,200,14,14,0.3,1.5,1,0,50,0,0.8,1,6,1,1,0,50,1,1,0,19,0,1,0,0,abtg_news.csv,3,60,30,0,,EMA200,0,20,771501,0,1
55,-2740.00,-2.39720,0.77836,-0.85142,-4.09476,32.1172,1143,1,1,0.10,0.4,1.5,16385,200,14,14,0.3,1.5,1,0,50,0,0.8,1,6,1,1,0,50,1,1,0,19,0,1,0,0,abtg_news.csv,3,60,30,0,,EMA200,0,20,771501,0,1
325,-1211.05,-1.79415,0.82659,-0.75966,-2.99572,15.8534,675,1,0,0.20,0.5,2.5,16385,200,14,14,0.3,1.5,1,0,50,0,0.8,1,6,1,1,0,50,1,1,0,19,0,1,0,0,abtg_news.csv,3,60,30,0,,EMA200,0,20,771501,0,1
83,-2484.47,-2.15853,0.78358,-0.82627,-3.73692,30.0184,1151,1,1,0.15,0.5,1.5,16385,200,14,14,0.3,1.5,1,0,50,0,0.8,1,6,1,1,0,50,1,1,0,19,0,1,0,0,abtg_news.csv,3,60,30,0,,EMA200,0,20,771501,0,1
331,-1690.03,-1.36955,0.84528,-0.75564,-2.17553,22.3365,1234,1,1,0.25,0.5,2.5,16385,200,14,14,0.3,1.5,1,0,50,0,0.8,1,6,1,1,0,50,1,1,0,19,0,1,0,0,abtg_news.csv,3,60,30,0,,EMA200,0,20,771501,0,1
223,-1940.35,-1.80666,0.82877,-0.76416,-2.72494,25.3463,1074,1,1,0.10,0.6,2.0,16385,200,14,14,0.3,1.5,1,0,50,0,0.8,1,6,1,1,0,50,1,1,0,19,0,1,0,0,abtg_news.csv,3,60,30,0,,EMA200,0,20,771501,0,1
358,-1041.81,-1.73058,0.77579,-0.78181,-2.41894,13.2893,602,0,1,0.30,0.6,2.5,16385,200,14,14,0.3,1.5,1,0,50,0,0.8,1,6,1,1,0,50,1,1,0,19,0,1,0,0,abtg_news.csv,3,60,30,0,,EMA200,0,20,771501,0,1
281,-780.05,-0.97263,0.89861,-0.46218,-1.72620,15.7997,802,1,0,0.25,0.3,2.5,16385,200,14,14,0.3,1.5,1,0,50,0,0.8,1,6,1,1,0,50,1,1,0,19,0,1,0,0,abtg_news.csv,3,60,30,0,,EMA200,0,20,771501,0,1
182,-1660.72,-2.68291,0.72071,-0.85060,-4.28524,19.4908,619,0,1,0.20,0.4,2.0,16385,200,14,14,0.3,1.5,1,0,50,0,0.8,1,6,1,1,0,50,1,1,0,19,0,1,0,0,abtg_news.csv,3,60,30,0,,EMA200,0,20,771501,0,1
59,-2630.02,-2.19534,0.78394,-0.84117,-3.86453,31.2084,1198,1,1,0.15,0.4,1.5,16385,200,14,14,0.3,1.5,1,0,50,0,0.8,1,6,1,1,0,50,1,1,0,19,0,1,0,0,abtg_news.csv,3,60,30,0,,EMA200,0,20,771501,0,1
8,0.00,0.00000,0.00000,0.00000,0.00000,0.0000,0,0,0,0.15,0.2,1.5,16385,200,14,14,0.3,1.5,1,0,50,0,0.8,1,6,1,1,0,50,1,1,0,19,0,1,0,0,abtg_news.csv,3,60,30,0,,EMA200,0,20,771501,0,1
423,-2603.11,-2.07254,0.78549,-0.83160,-3.52870,31.2489,1256,1,1,0.20,0.4,3.0,16385,200,14,14,0.3,1.5,1,0,50,0,0.8,1,6,1,1,0,50,1,1,0,19,0,1,0,0,abtg_news.csv,3,60,30,0,,EMA200,0,20,771501,0,1
216,0.00,0.00000,0.00000,0.00000,0.00000,0.0000,0,0,0,0.05,0.6,2.0,16385,200,14,14,0.3,1.5,1,0,50,0,0.8,1,6,1,1,0,50,1,1,0,19,0,1,0,0,abtg_news.csv,3,60,30,0,,EMA200,0,20,771501,0,1
458,-975.35,-1.81292,0.82509,-0.67670,-2.60716,14.1145,538,0,1,0.05,0.6,3.0,16385,200,14,14,0.3,1.5,1,0,50,0,0.8,1,6,1,1,0,50,1,1,0,19,0,1,0,0,abtg_news.csv,3,60,30,0,,EMA200,0,20,771501,0,1
96,0.00,0.00000,0.00000,0.00000,0.00000,0.0000,0,0,0,0.05,0.6,1.5,16385,200,14,14,0.3,1.5,1,0,50,0,0.8,1,6,1,1,0,50,1,1,0,19,0,1,0,0,abtg_news.csv,3,60,30,0,,EMA200,0,20,771501,0,1
172,0.00,0.00000,0.00000,0.00000,0.00000,0.0000,0,0,0,0.10,0.4,2.0,16385,200,14,14,0.3,1.5,1,0,50,0,0.8,1,6,1,1,0,50,1,1,0,19,0,1,0,0,abtg_news.csv,3,60,30,0,,EMA200,0,20,771501,0,1
361,56.81,0.07626,1.00610,0.03372,0.11288,14.9340,745,1,0,0.05,0.2,3.0,16385,200,14,14,0.3,1.5,1,0,50,0,0.8,1,6,1,1,0,50,1,1,0,19,0,1,0,0,abtg_news.csv,3,60,30,0,,EMA200,0,20,771501,0,1
297,-1244.91,-1.82538,0.83837,-0.65555,-2.86916,18.3768,682,1,0,0.15,0.4,2.5,16385,200,14,14,0.3,1.5,1,0,50,0,0.8,1,6,1,1,0,50,1,1,0,19,0,1,0,0,abtg_news.csv,3,60,30,0,,EMA200,0,20,771501,0,1
243,-2526.13,-1.85200,0.83028,-0.80497,-3.28567,31.2778,1364,1,1,0.05,0.2,2.5,16385,200,14,14,0.3,1.5,1,0,50,0,0.8,1,6,1,1,0,50,1,1,0,19,0,1,0,0,abtg_news.csv,3,60,30,0,,EMA200,0,20,771501,0,1
123,-2739.41,-2.01724,0.81367,-0.83783,-3.66947,32.5881,1358,1,1,0.05,0.2,2.0,16385,200,14,14,0.3,1.5,1,0,50,0,0.8,1,6,1,1,0,50,1,1,0,19,0,1,0,0,abtg_news.csv,3,60,30,0,,EMA200,0,20,771501,0,1
253,-502.46,-0.59746,0.94193,-0.30077,-1.05208,15.4600,841,1,0,0.20,0.2,2.5,16385,200,14,14,0.3,1.5,1,0,50,0,0.8,1,6,1,1,0,50,1,1,0,19,0,1,0,0,abtg_news.csv,3,60,30,0,,EMA200,0,20,771501,0,1
110,-1536.71,-2.67254,0.70313,-0.87333,-4.40084,17.5244,575,0,1,0.20,0.6,1.5,16385,200,14,14,0.3,1.5,1,0,50,0,0.8,1,6,1,1,0,50,1,1,0,19,0,1,0,0,abtg_news.csv,3,60,30,0,,EMA200,0,20,771501,0,1
450,-1020.20,-1.68628,0.80196,-0.76545,-2.39203,13.3108,605,0,1,0.25,0.5,3.0,16385,200,14,14,0.3,1.5,1,0,50,0,0.8,1,6,1,1,0,50,1,1,0,19,0,1,0,0,abtg_news.csv,3,60,30,0,,EMA200,0,20,771501,0,1
411,-2303.20,-2.00977,0.82398,-0.77572,-3.07978,29.6237,1146,1,1,0.05,0.4,3.0,16385,200,14,14,0.3,1.5,1,0,50,0,0.8,1,6,1,1,0,50,1,1,0,19,0,1,0,0,abtg_news.csv,3,60,30,0,,EMA200,0,20,771501,0,1
366,-2593.97,-3.87738,0.62935,-0.88467,-5.00000,29.2309,669,0,1,0.10,0.2,3.0,16385,200,14,14,0.3,1.5,1,0,50,0,0.8,1,6,1,1,0,50,1,1,0,19,0,1,0,0,abtg_news.csv,3,60,30,0,,EMA200,0,20,771501,0,1
200,0.00,0.00000,0.00000,0.00000,0.00000,0.0000,0,0,0,0.15,0.5,2.0,16385,200,14,14,0.3,1.5,1,0,50,0,0.8,1,6,1,1,0,50,1,1,0,19,0,1,0,0,abtg_news.csv,3,60,30,0,,EMA200,0,20,771501,0,1
162,-1952.83,-3.01363,0.67066,-0.88153,-4.95431,22.1189,648,0,1,0.25,0.3,2.0,16385,200,14,14,0.3,1.5,1,0,50,0,0.8,1,6,1,1,0,50,1,1,0,19,0,1,0,0,abtg_news.csv,3,60,30,0,,EMA200,0,20,771501,0,1
75,-2238.03,-2.07995,0.81271,-0.79419,-3.37129,28.1191,1076,1,1,0.05,0.5,1.5,16385,200,14,14,0.3,1.5,1,0,50,0,0.8,1,6,1,1,0,50,1,1,0,19,0,1,0,0,abtg_news.csv,3,60,30,0,,EMA200,0,20,771501,0,1
244,0.00,0.00000,0.00000,0.00000,0.00000,0.0000,0,0,0,0.10,0.2,2.5,16385,200,14,14,0.3,1.5,1,0,50,0,0.8,1,6,1,1,0,50,1,1,0,19,0,1,0,0,abtg_news.csv,3,60,30,0,,EMA200,0,20,771501,0,1
34,-1864.08,-2.97776,0.70929,-0.88543,-5.00000,21.0120,626,0,1,0.15,0.3,1.5,16385,200,14,14,0.3,1.5,1,0,50,0,0.8,1,6,1,1,0,50,1,1,0,19,0,1,0,0,abtg_news.csv,3,60,30,0,,EMA200,0,20,771501,0,1
447,-2443.20,-2.03261,0.78610,-0.81436,-3.35840,29.9559,1202,1,1,0.20,0.5,3.0,16385,200,14,14,0.3,1.5,1,0,50,0,0.8,1,6,1,1,0,50,1,1,0,19,0,1,0,0,abtg_news.csv,3,60,30,0,,EMA200,0,20,771501,0,1
327,-2467.59,-2.06148,0.78355,-0.82275,-3.46458,29.9466,1197,1,1,0.20,0.5,2.5,16385,200,14,14,0.3,1.5,1,0,50,0,0.8,1,6,1,1,0,50,1,1,0,19,0,1,0,0,abtg_news.csv,3,60,30,0,,EMA200,0,20,771501,0,1
304,0.00,0.00000,0.00000,0.00000,0.00000,0.0000,0,0,0,0.25,0.4,2.5,16385,200,14,14,0.3,1.5,1,0,50,0,0.8,1,6,1,1,0,50,1,1,0,19,0,1,0,0,abtg_news.csv,3,60,30,0,,EMA200,0,20,771501,0,1
451,-1673.59,-1.35185,0.84685,-0.74366,-2.11086,22.4757,1238,1,1,0.25,0.5,3.0,16385,200,14,14,0.3,1.5,1,0,50,0,0.8,1,6,1,1,0,50,1,1,0,19,0,1,0,0,abtg_news.csv,3,60,30,0,,EMA200,0,20,771501,0,1
455,-1877.55,-1.49964,0.82265,-0.74167,-2.33587,25.2860,1252,1,1,0.30,0.5,3.0,16385,200,14,14,0.3,1.5,1,0,50,0,0.8,1,6,1,1,0,50,1,1,0,19,0,1,0,0,abtg_news.csv,3,60,30,0,,EMA200,0,20,771501,0,1
107,-2237.32,-1.98168,0.79733,-0.82648,-3.34697,27.0281,1129,1,1,0.15,0.6,1.5,16385,200,14,14,0.3,1.5,1,0,50,0,0.8,1,6,1,1,0,50,1,1,0,19,0,1,0,0,abtg_news.csv,3,60,30,0,,EMA200,0,20,771501,0,1
125,-384.67,-0.50482,0.95795,-0.21906,-0.77774,15.8597,762,1,0,0.10,0.2,2.0,16385,200,14,14,0.3,1.5,1,0,50,0,0.8,1,6,1,1,0,50,1,1,0,19,0,1,0,0,abtg_news.csv,3,60,30,0,,EMA200,0,20,771501,0,1
210,-1126.00,-1.87354,0.78331,-0.78666,-2.90812,14.2951,601,0,1,0.25,0.5,2.0,16385,200,14,14,0.3,1.5,1,0,50,0,0.8,1,6,1,1,0,50,1,1,0,19,0,1,0,0,abtg_news.csv,3,60,30,0,,EMA200,0,20,771501,0,1
84,0.00,0.00000,0.00000,0.00000,0.00000,0.0000,0,0,0,0.20,0.5,1.5,16385,200,14,14,0.3,1.5,1,0,50,0,0.8,1,6,1,1,0,50,1,1,0,19,0,1,0,0,abtg_news.csv,3,60,30,0,,EMA200,0,20,771501,0,1
240,0.00,0.00000,0.00000,0.00000,0.00000,0.0000,0,0,0,0.05,0.2,2.5,16385,200,14,14,0.3,1.5,1,0,50,0,0.8,1,6,1,1,0,50,1,1,0,19,0,1,0,0,abtg_news.csv,3,60,30,0,,EMA200,0,20,771501,0,1
396,0.00,0.00000,0.00000,0.00000,0.00000,0.0000,0,0,0,0.20,0.3,3.0,16385,200,14,14,0.3,1.5,1,0,50,0,0.8,1,6,1,1,0,50,1,1,0,19,0,1,0,0,abtg_news.csv,3,60,30,0,,EMA200,0,20,771501,0,1
261,-151.99,-0.17135,0.98161,-0.12082,-0.29636,11.6715,887,1,0,0.30,0.2,2.5,16385,200,14,14,0.3,1.5,1,0,50,0,0.8,1,6,1,1,0,50,1,1,0,19,0,1,0,0,abtg_news.csv,3,60,30,0,,EMA200,0,20,771501,0,1
342,-1231.22,-2.21442,0.77495,-0.74778,-3.34082,16.1846,556,0,1,0.10,0.6,2.5,16385,200,14,14,0.3,1.5,1,0,50,0,0.8,1,6,1,1,0,50,1,1,0,19,0,1,0,0,abtg_news.csv,3,60,30,0,,EMA200,0,20,771501,0,1
26,-1926.91,-3.17448,0.71305,-0.88820,-5.00000,21.6405,607,0,1,0.05,0.3,1.5,16385,200,14,14,0.3,1.5,1,0,50,0,0.8,1,6,1,1,0,50,1,1,0,19,0,1,0,0,abtg_news.csv,3,60,30,0,,EMA200,0,20,771501,0,1
468,0.00,0.00000,0.00000,0.00000,0.00000,0.0000,0,0,0,0.20,0.6,3.0,16385,200,14,14,0.3,1.5,1,0,50,0,0.8,1,6,1,1,0,50,1,1,0,19,0,1,0,0,abtg_news.csv,3,60,30,0,,EMA200,0,20,771501,0,1
119,-2239.71,-1.90939,0.76727,-0.85262,-3.17590,26.2399,1173,1,1,0.30,0.6,1.5,16385,200,14,14,0.3,1.5,1,0,50,0,0.8,1,6,1,1,0,50,1,1,0,19,0,1,0,0,abtg_news.csv,3,60,30,0,,EMA200,0,20,771501,0,1
425,-817.17,-1.08378,0.88661,-0.46166,-1.84745,16.6703,754,1,0,0.25,0.4,3.0,16385,200,14,14,0.3,1.5,1,0,50,0,0.8,1,6,1,1,0,50,1,1,0,19,0,1,0,0,abtg_news.csv,3,60,30,0,,EMA200,0,20,771501,0,1
397,-1187.18,-1.53979,0.85224,-0.63970,-2.70633,17.8459,771,1,0,0.20,0.3,3.0,16385,200,14,14,0.3,1.5,1,0,50,0,0.8,1,6,1,1,0,50,1,1,0,19,0,1,0,0,abtg_news.csv,3,60,30,0,,EMA200,0,20,771501,0,1
362,-2402.55,-3.65685,0.66329,-0.86414,-5.00000,27.7106,657,0,1,0.05,0.2,3.0,16385,200,14,14,0.3,1.5,1,0,50,0,0.8,1,6,1,1,0,50,1,1,0,19,0,1,0,0,abtg_news.csv,3,60,30,0,,EMA200,0,20,771501,0,1
294,-1695.41,-2.86871,0.72587,-0.81375,-4.59333,20.6303,591,0,1,0.10,0.4,2.5,16385,200,14,14,0.3,1.5,1,0,50,0,0.8,1,6,1,1,0,50,1,1,0,19,0,1,0,0,abtg_news.csv,3,60,30,0,,EMA200,0,20,771501,0,1
14,-2565.37,-3.63367,0.62050,-0.91453,-5.00000,27.9763,706,0,1,0.20,0.2,1.5,16385,200,14,14,0.3,1.5,1,0,50,0,0.8,1,6,1,1,0,50,1,1,0,19,0,1,0,0,abtg_news.csv,3,60,30,0,,EMA200,0,20,771501,0,1
288,0.00,0.00000,0.00000,0.00000,0.00000,0.0000,0,0,0,0.05,0.4,2.5,16385,200,14,14,0.3,1.5,1,0,50,0,0.8,1,6,1,1,0,50,1,1,0,19,0,1,0,0,abtg_news.csv,3,60,30,0,,EMA200,0,20,771501,0,1
171,-2523.38,-2.22913,0.80518,-0.81497,-3.52208,30.8926,1132,1,1,0.05,0.4,2.0,16385,200,14,14,0.3,1.5,1,0,50,0,0.8,1,6,1,1,0,50,1,1,0,19,0,1,0,0,abtg_news.csv,3,60,30,0,,EMA200,0,20,771501,0,1
47,-2649.85,-1.91187,0.77184,-0.90014,-3.63132,29.4002,1386,1,1,0.30,0.3,1.5,16385,200,14,14,0.3,1.5,1,0,50,0,0.8,1,6,1,1,0,50,1,1,0,19,0,1,0,0,abtg_news.csv,3,60,30,0,,EMA200,0,20,771501,0,1
399,-2952.40,-2.18696,0.77131,-0.87974,-4.01634,33.5036,1350,1,1,0.20,0.3,3.0,16385,200,14,14,0.3,1.5,1,0,50,0,0.8,1,6,1,1,0,50,1,1,0,19,0,1,0,0,abtg_news.csv,3,60,30,0,,EMA200,0,20,771501,0,1
178,-1451.39,-2.43931,0.75894,-0.81828,-3.69980,17.7042,595,0,1,0.15,0.4,2.0,16385,200,14,14,0.3,1.5,1,0,50,0,0.8,1,6,1,1,0,50,1,1,0,19,0,1,0,0,abtg_news.csv,3,60,30,0,,EMA200,0,20,771501,0,1
138,-2423.97,-3.48773,0.61724,-0.90348,-5.00000,26.7622,695,0,1,0.25,0.2,2.0,16385,200,14,14,0.3,1.5,1,0,50,0,0.8,1,6,1,1,0,50,1,1,0,19,0,1,0,0,abtg_news.csv,3,60,30,0,,EMA200,0,20,771501,0,1
56,0.00,0.00000,0.00000,0.00000,0.00000,0.0000,0,0,0,0.15,0.4,1.5,16385,200,14,14,0.3,1.5,1,0,50,0,0.8,1,6,1,1,0,50,1,1,0,19,0,1,0,0,abtg_news.csv,3,60,30,0,,EMA200,0,20,771501,0,1
161,-1076.04,-1.34673,0.85976,-0.62757,-2.46305,16.3712,799,1,0,0.25,0.3,2.0,16385,200,14,14,0.3,1.5,1,0,50,0,0.8,1,6,1,1,0,50,1,1,0,19,0,1,0,0,abtg_news.csv,3,60,30,0,,EMA200,0,20,771501,0,1
346,-1074.76,-1.90899,0.80185,-0.73486,-2.72775,14.4928,563,0,1,0.15,0.6,2.5,16385,200,14,14,0.3,1.5,1,0,50,0,0.8,1,6,1,1,0,50,1,1,0,19,0,1,0,0,abtg_news.csv,3,60,30,0,,EMA200,0,20,771501,0,1
225,-835.81,-1.29583,0.87529,-0.56069,-2.01563,14.5914,645,1,0,0.15,0.6,2.0,16385,200,14,14,0.3,1.5,1,0,50,0,0.8,1,6,1,1,0,50,1,1,0,19,0,1,0,0,abtg_news.csv,3,60,30,0,,EMA200,0,20,771501,0,1
44,0.00,0.00000,0.00000,0.00000,0.00000,0.0000,0,0,0,0.30,0.3,1.5,16385,200,14,14,0.3,1.5,1,0,50,0,0.8,1,6,1,1,0,50,1,1,0,19,0,1,0,0,abtg_news.csv,3,60,30,0,,EMA200,0,20,771501,0,1
452,0.00,0.00000,0.00000,0.00000,0.00000,0.0000,0,0,0,0.30,0.5,3.0,16385,200,14,14,0.3,1.5,1,0,50,0,0.8,1,6,1,1,0,50,1,1,0,19,0,1,0,0,abtg_news.csv,3,60,30,0,,EMA200,0,20,771501,0,1
460,0.00,0.00000,0.00000,0.00000,0.00000,0.0000,0,0,0,0.10,0.6,3.0,16385,200,14,14,0.3,1.5,1,0,50,0,0.8,1,6,1,1,0,50,1,1,0,19,0,1,0,0,abtg_news.csv,3,60,30,0,,EMA200,0,20,771501,0,1
13,-635.32,-0.77478,0.92444,-0.41420,-1.41405,14.5371,820,1,0,0.20,0.2,1.5,16385,200,14,14,0.3,1.5,1,0,50,0,0.8,1,6,1,1,0,50,1,1,0,19,0,1,0,0,abtg_news.csv,3,60,30,0,,EMA200,0,20,771501,0,1
442,-1055.36,-1.82588,0.81575,-0.72398,-2.55467,14.5309,578,0,1,0.15,0.5,3.0,16385,200,14,14,0.3,1.5,1,0,50,0,0.8,1,6,1,1,0,50,1,1,0,19,0,1,0,0,abtg_news.csv,3,60,30,0,,EMA200,0,20,771501,0,1
0,0.00,0.00000,0.00000,0.00000,0.00000,0.0000,0,0,0,0.05,0.2,1.5,16385,200,14,14,0.3,1.5,1,0,50,0,0.8,1,6,1,1,0,50,1,1,0,19,0,1,0,0,abtg_news.csv,3,60,30,0,,EMA200,0,20,771501,0,1
284,0.00,0.00000,0.00000,0.00000,0.00000,0.0000,0,0,0,0.30,0.3,2.5,16385,200,14,14,0.3,1.5,1,0,50,0,0.8,1,6,1,1,0,50,1,1,0,19,0,1,0,0,abtg_news.csv,3,60,30,0,,EMA200,0,20,771501,0,1
145,-992.99,-1.50225,0.88317,-0.52239,-2.25730,17.8094,661,1,0,0.05,0.3,2.0,16385,200,14,14,0.3,1.5,1,0,50,0,0.8,1,6,1,1,0,50,1,1,0,19,0,1,0,0,abtg_news.csv,3,60,30,0,,EMA200,0,20,771501,0,1
373,-441.75,-0.52402,0.94909,-0.26216,-0.91665,15.5363,843,1,0,0.20,0.2,3.0,16385,200,14,14,0.3,1.5,1,0,50,0,0.8,1,6,1,1,0,50,1,1,0,19,0,1,0,0,abtg_news.csv,3,60,30,0,,EMA200,0,20,771501,0,1
133,-681.98,-0.81577,0.92058,-0.40657,-1.46458,15.6869,836,1,0,0.20,0.2,2.0,16385,200,14,14,0.3,1.5,1,0,50,0,0.8,1,6,1,1,0,50,1,1,0,19,0,1,0,0,abtg_news.csv,3,60,30,0,,EMA200,0,20,771501,0,1
355,-1567.75,-1.32860,0.84810,-0.77301,-1.98709,20.2564,1180,1,1,0.25,0.6,2.5,16385,200,14,14,0.3,1.5,1,0,50,0,0.8,1,6,1,1,0,50,1,1,0,19,0,1,0,0,abtg_news.csv,3,60,30,0,,EMA200,0,20,771501,0,1
412,0.00,0.00000,0.00000,0.00000,0.00000,0.0000,0,0,0,0.10,0.4,3.0,16385,200,14,14,0.3,1.5,1,0,50,0,0.8,1,6,1,1,0,50,1,1,0,19,0,1,0,0,abtg_news.csv,3,60,30,0,,EMA200,0,20,771501,0,1
393,-1268.34,-1.73984,0.84821,-0.63806,-2.85557,18.9417,729,1,0,0.15,0.3,3.0,16385,200,14,14,0.3,1.5,1,0,50,0,0.8,1,6,1,1,0,50,1,1,0,19,0,1,0,0,abtg_news.csv,3,60,30,0,,EMA200,0,20,771501,0,1
37,-1444.74,-1.93147,0.81445,-0.83346,-3.54352,17.1942,748,1,0,0.20,0.3,1.5,16385,200,14,14,0.3,1.5,1,0,50,0,0.8,1,6,1,1,0,50,1,1,0,19,0,1,0,0,abtg_news.csv,3,60,30,0,,EMA200,0,20,771501,0,1
80,0.00,0.00000,0.00000,0.00000,0.00000,0.0000,0,0,0,0.15,0.5,1.5,16385,200,14,14,0.3,1.5,1,0,50,0,0.8,1,6,1,1,0,50,1,1,0,19,0,1,0,0,abtg_news.csv,3,60,30,0,,EMA200,0,20,771501,0,1
266,-1897.00,-3.09967,0.71727,-0.86086,-5.00000,21.9813,612,0,1,0.05,0.3,2.5,16385,200,14,14,0.3,1.5,1,0,50,0,0.8,1,6,1,1,0,50,1,1,0,19,0,1,0,0,abtg_news.csv,3,60,30,0,,EMA200,0,20,771501,0,1
230,-1173.77,-2.01333,0.77765,-0.81502,-3.15088,14.3431,583,0,1,0.20,0.6,2.0,16385,200,14,14,0.3,1.5,1,0,50,0,0.8,1,6,1,1,0,50,1,1,0,19,0,1,0,0,abtg_news.csv,3,60,30,0,,EMA200,0,20,771501,0,1
438,-1318.77,-2.30554,0.77494,-0.76020,-3.44562,17.1381,572,0,1,0.10,0.5,3.0,16385,200,14,14,0.3,1.5,1,0,50,0,0.8,1,6,1,1,0,50,1,1,0,19,0,1,0,0,abtg_news.csv,3,60,30,0,,EMA200,0,20,771501,0,1
257,-180.31,-0.20607,0.97823,-0.11860,-0.36585,13.8530,875,1,0,0.25,0.2,2.5,16385,200,14,14,0.3,1.5,1,0,50,0,0.8,1,6,1,1,0,50,1,1,0,19,0,1,0,0,abtg_news.csv,3,60,30,0,,EMA200,0,20,771501,0,1
453,-706.05,-0.98336,0.89261,-0.54590,-1.56766,12.7029,718,1,0,0.30,0.5,3.0,16385,200,14,14,0.3,1.5,1,0,50,0,0.8,1,6,1,1,0,50,1,1,0,19,0,1,0,0,abtg_news.csv,3,60,30,0,,EMA200,0,20,771501,0,1
207,-2617.71,-2.20346,0.76869,-0.85071,-3.80272,30.7244,1188,1,1,0.20,0.5,2.0,16385,200,14,14,0.3,1.5,1,0,50,0,0.8,1,6,1,1,0,50,1,1,0,19,0,1,0,0,abtg_news.csv,3,60,30,0,,EMA200,0,20,771501,0,1
359,-1910.46,-1.61084,0.80565,-0.78461,-2.42139,24.3227,1186,1,1,0.30,0.6,2.5,16385,200,14,14,0.3,1.5,1,0,50,0,0.8,1,6,1,1,0,50,1,1,0,19,0,1,0,0,abtg_news.csv,3,60,30,0,,EMA200,0,20,771501,0,1
381,-121.73,-0.13678,0.98530,-0.09292,-0.23263,12.1008,890,1,0,0.30,0.2,3.0,16385,200,14,14,0.3,1.5,1,0,50,0,0.8,1,6,1,1,0,50,1,1,0,19,0,1,0,0,abtg_news.csv,3,60,30,0,,EMA200,0,20,771501,0,1
24,0.00,0.00000,0.00000,0.00000,0.00000,0.0000,0,0,0,0.05,0.3,1.5,16385,200,14,14,0.3,1.5,1,0,50,0,0.8,1,6,1,1,0,50,1,1,0,19,0,1,0,0,abtg_news.csv,3,60,30,0,,EMA200,0,20,771501,0,1
401,-761.83,-0.94520,0.90110,-0.43408,-1.67105,16.3525,806,1,0,0.25,0.3,3.0,16385,200,14,14,0.3,1.5,1,0,50,0,0.8,1,6,1,1,0,50,1,1,0,19,0,1,0,0,abtg_news.csv,3,60,30,0,,EMA200,0,20,771501,0,1
276,0.00,0.00000,0.00000,0.00000,0.00000,0.0000,0,0,0,0.20,0.3,2.5,16385,200,14,14,0.3,1.5,1,0,50,0,0.8,1,6,1,1,0,50,1,1,0,19,0,1,0,0,abtg_news.csv,3,60,30,0,,EMA200,0,20,771501,0,1
360,0.00,0.00000,0.00000,0.00000,0.00000,0.0000,0,0,0,0.05,0.2,3.0,16385,200,14,14,0.3,1.5,1,0,50,0,0.8,1,6,1,1,0,50,1,1,0,19,0,1,0,0,abtg_news.csv,3,60,30,0,,EMA200,0,20,771501,0,1
120,0.00,0.00000,0.00000,0.00000,0.00000,0.0000,0,0,0,0.05,0.2,2.0,16385,200,14,14,0.3,1.5,1,0,50,0,0.8,1,6,1,1,0,50,1,1,0,19,0,1,0,0,abtg_news.csv,3,60,30,0,,EMA200,0,20,771501,0,1
72,0.00,0.00000,0.00000,0.00000,0.00000,0.0000,0,0,0,0.05,0.5,1.5,16385,200,14,14,0.3,1.5,1,0,50,0,0.8,1,6,1,1,0,50,1,1,0,19,0,1,0,0,abtg_news.csv,3,60,30,0,,EMA200,0,20,771501,0,1
36,0.00,0.00000,0.00000,0.00000,0.00000,0.0000,0,0,0,0.20,0.3,1.5,16385,200,14,14,0.3,1.5,1,0,50,0,0.8,1,6,1,1,0,50,1,1,0,19,0,1,0,0,abtg_news.csv,3,60,30,0,,EMA200,0,20,771501,0,1
192,0.00,0.00000,0.00000,0.00000,0.00000,0.0000,0,0,0,0.05,0.5,2.0,16385,200,14,14,0.3,1.5,1,0,50,0,0.8,1,6,1,1,0,50,1,1,0,19,0,1,0,0,abtg_news.csv,3,60,30,0,,EMA200,0,20,771501,0,1
384,0.00,0.00000,0.00000,0.00000,0.00000,0.0000,0,0,0,0.05,0.3,3.0,16385,200,14,14,0.3,1.5,1,0,50,0,0.8,1,6,1,1,0,50,1,1,0,19,0,1,0,0,abtg_news.csv,3,60,30,0,,EMA200,0,20,771501,0,1
48,0.00,0.00000,0.00000,0.00000,0.00000,0.0000,0,0,0,0.05,0.4,1.5,16385,200,14,14,0.3,1.5,1,0,50,0,0.8,1,6,1,1,0,50,1,1,0,19,0,1,0,0,abtg_news.csv,3,60,30,0,,EMA200,0,20,771501,0,1
472,0.00,0.00000,0.00000,0.00000,0.00000,0.0000,0,0,0,0.25,0.6,3.0,16385,200,14,14,0.3,1.5,1,0,50,0,0.8,1,6,1,1,0,50,1,1,0,19,0,1,0,0,abtg_news.csv,3,60,30,0,,EMA200,0,20,771501,0,1
424,0.00,0.00000,0.00000,0.00000,0.00000,0.0000,0,0,0,0.25,0.4,3.0,16385,200,14,14,0.3,1.5,1,0,50,0,0.8,1,6,1,1,0,50,1,1,0,19,0,1,0,0,abtg_news.csv,3,60,30,0,,EMA200,0,20,771501,0,1
88,0.00,0.00000,0.00000,0.00000,0.00000,0.0000,0,0,0,0.25,0.5,1.5,16385,200,14,14,0.3,1.5,1,0,50,0,0.8,1,6,1,1,0,50,1,1,0,19,0,1,0,0,abtg_news.csv,3,60,30,0,,EMA200,0,20,771501,0,1
408,0.00,0.00000,0.00000,0.00000,0.00000,0.0000,0,0,0,0.05,0.4,3.0,16385,200,14,14,0.3,1.5,1,0,50,0,0.8,1,6,1,1,0,50,1,1,0,19,0,1,0,0,abtg_news.csv,3,60,30,0,,EMA200,0,20,771501,0,1
252,0.00,0.00000,0.00000,0.00000,0.00000,0.0000,0,0,0,0.20,0.2,2.5,16385,200,14,14,0.3,1.5,1,0,50,0,0.8,1,6,1,1,0,50,1,1,0,19,0,1,0,0,abtg_news.csv,3,60,30,0,,EMA200,0,20,771501,0,1
336,0.00,0.00000,0.00000,0.00000,0.00000,0.0000,0,0,0,0.05,0.6,2.5,16385,200,14,14,0.3,1.5,1,0,50,0,0.8,1,6,1,1,0,50,1,1,0,19,0,1,0,0,abtg_news.csv,3,60,30,0,,EMA200,0,20,771501,0,1
432,0.00,0.00000,0.00000,0.00000,0.00000,0.0000,0,0,0,0.05,0.5,3.0,16385,200,14,14,0.3,1.5,1,0,50,0,0.8,1,6,1,1,0,50,1,1,0,19,0,1,0,0,abtg_news.csv,3,60,30,0,,EMA200,0,20,771501,0,1
448,0.00,0.00000,0.00000,0.00000,0.00000,0.0000,0,0,0,0.25,0.5,3.0,16385,200,14,14,0.3,1.5,1,0,50,0,0.8,1,6,1,1,0,50,1,1,0,19,0,1,0,0,abtg_news.csv,3,60,30,0,,EMA200,0,20,771501,0,1
312,0.00,0.00000,0.00000,0.00000,0.00000,0.0000,0,0,0,0.05,0.5,2.5,16385,200,14,14,0.3,1.5,1,0,50,0,0.8,1,6,1,1,0,50,1,1,0,19,0,1,0,0,abtg_news.csv,3,60,30,0,,EMA200,0,20,771501,0,1
4,0.00,0.00000,0.00000,0.00000,0.00000,0.0000,0,0,0,0.10,0.2,1.5,16385,200,14,14,0.3,1.5,1,0,50,0,0.8,1,6,1,1,0,50,1,1,0,19,0,1,0,0,abtg_news.csv,3,60,30,0,,EMA200,0,20,771501,0,1
2,-2566.18,-3.92382,0.63976,-0.90320,-5.00000,28.3180,654,0,1,0.05,0.2,1.5,16385,200,14,14,0.3,1.5,1,0,50,0,0.8,1,6,1,1,0,50,1,1,0,19,0,1,0,0,abtg_news.csv,3,60,30,0,,EMA200,0,20,771501,0,1
156,0.00,0.00000,0.00000,0.00000,0.00000,0.0000,0,0,0,0.20,0.3,2.0,16385,200,14,14,0.3,1.5,1,0,50,0,0.8,1,6,1,1,0,50,1,1,0,19,0,1,0,0,abtg_news.csv,3,60,30,0,,EMA200,0,20,771501,0,1
456,0.00,0.00000,0.00000,0.00000,0.00000,0.0000,0,0,0,0.05,0.6,3.0,16385,200,14,14,0.3,1.5,1,0,50,0,0.8,1,6,1,1,0,50,1,1,0,19,0,1,0,0,abtg_news.csv,3,60,30,0,,EMA200,0,20,771501,0,1
204,0.00,0.00000,0.00000,0.00000,0.00000,0.0000,0,0,0,0.20,0.5,2.0,16385,200,14,14,0.3,1.5,1,0,50,0,0.8,1,6,1,1,0,50,1,1,0,19,0,1,0,0,abtg_news.csv,3,60,30,0,,EMA200,0,20,771501,0,1
