Pass,Profit,Expected Payoff,Profit Factor,Recovery Factor,Sharpe Ratio,Equity DD %,Trades,InpRangeMinutes,InpBufferPoints,InpTrailFixedPts,InpSessionHour,InpSessionMin,InpCloseHour,InpCloseMin,InpCloseAtEnd,InpOneTradePerDay,InpEntryMode,InpRangeMode,InpLevelTF,InpPrevWindowMin,InpPendingExpiryMin,InpAllowLong,InpAllowShort,InpMinRangePts,InpMaxRangePts,InpRetestOffsetPts,InpUseGapFill,InpGapMinPoints,InpGapMinRR,InpUseEmaFilter,InpEmaFast,InpEmaSlow,InpFilterTF,InpUseSupertrend,InpStAtrPeriod,InpStMultiplier,InpStTF,InpUseCorrelation,InpCorrSymbol,InpCorrTF,InpCorrEmaFast,InpCorrEmaSlow,InpUseVwapFilter,InpVwapTF,InpRiskPercent,InpSLMode,InpAtrSlMult,InpAtrPeriodMgmt,InpTP1_R,InpTP1_ClosePct,InpBreakevenAtTP1,InpBEatR,InpUseTrailing,InpTrailMode,InpTrailTF,InpTrailAtrMult,InpUseRoundLevels,InpRoundStep,InpRoundMinDistPts,InpUseNewsFilter,InpNewsFile,InpNewsMinImpact,InpNewsBeforeMin,InpNewsAfterMin,InpNewsShiftMinutes,InpNewsCurrencies,InpNewsFlatten,InpSlippagePts,InpMinStopPts,InpSkipIfTight,InpUseVolumeFilter,InpVolMult,InpVolAvgBars,InpMagic,InpMaxSpread,InpVerbose
102,-4689.32,-11.03369,0.83541,-0.40173,-5.00000,11.1141,425,35,100,300,8,0,17,30,1,1,0,0,16385,60,120,1,1,0,0,0,0,150,1.5,0,14,200,16385,0,10,2.5,16385,0,SPXUSD,16385,14,100,0,15,1,0,1.5,14,1,50,1,0,1,2,1,2,0,100,50,0,abtg_news.csv,3,30,30,0,,1,0,0,1,0,1.5,20,770101,0,1
312,-11998.73,-24.79076,0.83986,-0.64202,-5.00000,18.5944,484,5,300,700,8,0,17,30,1,1,0,0,16385,60,120,1,1,0,0,0,0,150,1.5,0,14,200,16385,0,10,2.5,16385,0,SPXUSD,16385,14,100,0,15,1,0,1.5,14,1,50,1,0,1,2,1,2,0,100,50,0,abtg_news.csv,3,30,30,0,,1,0,0,1,0,1.5,20,770101,0,1
5,-5467.10,-13.07919,0.69309,-0.52846,-5.00000,9.9598,418,30,100,100,8,0,17,30,1,1,0,0,16385,60,120,1,1,0,0,0,0,150,1.5,0,14,200,16385,0,10,2.5,16385,0,SPXUSD,16385,14,100,0,15,1,0,1.5,14,1,50,1,0,1,2,1,2,0,100,50,0,abtg_news.csv,3,30,30,0,,1,0,0,1,0,1.5,20,770101,0,1
242,-3518.19,-7.64824,0.93427,-0.34022,-3.20018,9.9106,460,15,100,600,8,0,17,30,1,1,0,0,16385,60,120,1,1,0,0,0,0,150,1.5,0,14,200,16385,0,10,2.5,16385,0,SPXUSD,16385,14,100,0,15,1,0,1.5,14,1,50,1,0,1,2,1,2,0,100,50,0,abtg_news.csv,3,30,30,0,,1,0,0,1,0,1.5,20,770101,0,1
153,-6090.69,-14.39879,0.81684,-0.46152,-5.00000,12.6313,423,50,100,400,8,0,17,30,1,1,0,0,16385,60,120,1,1,0,0,0,0,150,1.5,0,14,200,16385,0,10,2.5,16385,0,SPXUSD,16385,14,100,0,15,1,0,1.5,14,1,50,1,0,1,2,1,2,0,100,50,0,abtg_news.csv,3,30,30,0,,1,0,0,1,0,1.5,20,770101,0,1
315,-4652.98,-9.87894,0.90541,-0.50824,-4.20816,9.1316,471,20,300,700,8,0,17,30,1,1,0,0,16385,60,120,1,1,0,0,0,0,150,1.5,0,14,200,16385,0,10,2.5,16385,0,SPXUSD,16385,14,100,0,15,1,0,1.5,14,1,50,1,0,1,2,1,2,0,100,50,0,abtg_news.csv,3,30,30,0,,1,0,0,1,0,1.5,20,770101,0,1
263,-5517.19,-12.74178,0.86090,-0.41804,-5.00000,12.4858,433,60,200,600,8,0,17,30,1,1,0,0,16385,60,120,1,1,0,0,0,0,150,1.5,0,14,200,16385,0,10,2.5,16385,0,SPXUSD,16385,14,100,0,15,1,0,1.5,14,1,50,1,0,1,2,1,2,0,100,50,0,abtg_news.csv,3,30,30,0,,1,0,0,1,0,1.5,20,770101,0,1
270,1034.02,2.31324,1.02805,0.10828,1.04563,8.9939,447,35,300,600,8,0,17,30,1,1,0,0,16385,60,120,1,1,0,0,0,0,150,1.5,0,14,200,16385,0,10,2.5,16385,0,SPXUSD,16385,14,100,0,15,1,0,1.5,14,1,50,1,0,1,2,1,2,0,100,50,0,abtg_news.csv,3,30,30,0,,1,0,0,1,0,1.5,20,770101,0,1
361,-4863.96,-10.07031,0.92783,-0.30828,-3.83262,14.6572,483,10,300,800,8,0,17,30,1,1,0,0,16385,60,120,1,1,0,0,0,0,150,1.5,0,14,200,16385,0,10,2.5,16385,0,SPXUSD,16385,14,100,0,15,1,0,1.5,14,1,50,1,0,1,2,1,2,0,100,50,0,abtg_news.csv,3,30,30,0,,1,0,0,1,0,1.5,20,770101,0,1
119,-5435.25,-13.22445,0.80134,-0.51843,-5.00000,10.1350,411,60,200,300,8,0,17,30,1,1,0,0,16385,60,120,1,1,0,0,0,0,150,1.5,0,14,200,16385,0,10,2.5,16385,0,SPXUSD,16385,14,100,0,15,1,0,1.5,14,1,50,1,0,1,2,1,2,0,100,50,0,abtg_news.csv,3,30,30,0,,1,0,0,1,0,1.5,20,770101,0,1
350,-7856.47,-16.26598,0.87729,-0.55198,-5.00000,13.6895,483,15,200,800,8,0,17,30,1,1,0,0,16385,60,120,1,1,0,0,0,0,150,1.5,0,14,200,16385,0,10,2.5,16385,0,SPXUSD,16385,14,100,0,15,1,0,1.5,14,1,50,1,0,1,2,1,2,0,100,50,0,abtg_news.csv,3,30,30,0,,1,0,0,1,0,1.5,20,770101,0,1
65,-9244.22,-21.59864,0.66083,-0.62981,-5.00000,14.1196,428,30,200,200,8,0,17,30,1,1,0,0,16385,60,120,1,1,0,0,0,0,150,1.5,0,14,200,16385,0,10,2.5,16385,0,SPXUSD,16385,14,100,0,15,1,0,1.5,14,1,50,1,0,1,2,1,2,0,100,50,0,abtg_news.csv,3,30,30,0,,1,0,0,1,0,1.5,20,770101,0,1
0,-28030.31,-65.33872,0.38634,-0.96593,-5.00000,28.9455,429,5,100,100,8,0,17,30,1,1,0,0,16385,60,120,1,1,0,0,0,0,150,1.5,0,14,200,16385,0,10,2.5,16385,0,SPXUSD,16385,14,100,0,15,1,0,1.5,14,1,50,1,0,1,2,1,2,0,100,50,0,abtg_news.csv,3,30,30,0,,1,0,0,1,0,1.5,20,770101,0,1
375,-1484.33,-3.10529,0.96884,-0.15627,-1.20679,9.4758,478,20,400,800,8,0,17,30,1,1,0,0,16385,60,120,1,1,0,0,0,0,150,1.5,0,14,200,16385,0,10,2.5,16385,0,SPXUSD,16385,14,100,0,15,1,0,1.5,14,1,50,1,0,1,2,1,2,0,100,50,0,abtg_news.csv,3,30,30,0,,1,0,0,1,0,1.5,20,770101,0,1
136,-6211.34,-14.31184,0.77854,-0.76811,-5.00000,7.9829,434,25,400,300,8,0,17,30,1,1,0,0,16385,60,120,1,1,0,0,0,0,150,1.5,0,14,200,16385,0,10,2.5,16385,0,SPXUSD,16385,14,100,0,15,1,0,1.5,14,1,50,1,0,1,2,1,2,0,100,50,0,abtg_news.csv,3,30,30,0,,1,0,0,1,0,1.5,20,770101,0,1
87,-7758.96,-17.71452,0.69493,-0.75160,-5.00000,10.3059,438,20,400,200,8,0,17,30,1,1,0,0,16385,60,120,1,1,0,0,0,0,150,1.5,0,14,200,16385,0,10,2.5,16385,0,SPXUSD,16385,14,100,0,15,1,0,1.5,14,1,50,1,0,1,2,1,2,0,100,50,0,abtg_news.csv,3,30,30,0,,1,0,0,1,0,1.5,20,770101,0,1
13,-16022.98,-36.66586,0.46350,-0.95215,-5.00000,16.8030,437,10,200,100,8,0,17,30,1,1,0,0,16385,60,120,1,1,0,0,0,0,150,1.5,0,14,200,16385,0,10,2.5,16385,0,SPXUSD,16385,14,100,0,15,1,0,1.5,14,1,50,1,0,1,2,1,2,0,100,50,0,abtg_news.csv,3,30,30,0,,1,0,0,1,0,1.5,20,770101,0,1
121,-13642.87,-30.72718,0.65676,-0.85193,-5.00000,15.9800,444,10,300,300,8,0,17,30,1,1,0,0,16385,60,120,1,1,0,0,0,0,150,1.5,0,14,200,16385,0,10,2.5,16385,0,SPXUSD,16385,14,100,0,15,1,0,1.5,14,1,50,1,0,1,2,1,2,0,100,50,0,abtg_news.csv,3,30,30,0,,1,0,0,1,0,1.5,20,770101,0,1
54,-3528.31,-8.36092,0.84416,-0.33634,-5.00000,9.9892,422,35,100,200,8,0,17,30,1,1,0,0,16385,60,120,1,1,0,0,0,0,150,1.5,0,14,200,16385,0,10,2.5,16385,0,SPXUSD,16385,14,100,0,15,1,0,1.5,14,1,50,1,0,1,2,1,2,0,100,50,0,abtg_news.csv,3,30,30,0,,1,0,0,1,0,1.5,20,770101,0,1
295,-1939.13,-4.35760,0.95516,-0.15059,-1.77637,12.1486,445,40,100,700,8,0,17,30,1,1,0,0,16385,60,120,1,1,0,0,0,0,150,1.5,0,14,200,16385,0,10,2.5,16385,0,SPXUSD,16385,14,100,0,15,1,0,1.5,14,1,50,1,0,1,2,1,2,0,100,50,0,abtg_news.csv,3,30,30,0,,1,0,0,1,0,1.5,20,770101,0,1
22,-10092.06,-24.43598,0.49262,-0.85087,-5.00000,11.7620,413,55,200,100,8,0,17,30,1,1,0,0,16385,60,120,1,1,0,0,0,0,150,1.5,0,14,200,16385,0,10,2.5,16385,0,SPXUSD,16385,14,100,0,15,1,0,1.5,14,1,50,1,0,1,2,1,2,0,100,50,0,abtg_news.csv,3,30,30,0,,1,0,0,1,0,1.5,20,770101,0,1
233,-4866.51,-11.13618,0.85992,-0.44513,-5.00000,10.4880,437,30,400,500,8,0,17,30,1,1,0,0,16385,60,120,1,1,0,0,0,0,150,1.5,0,14,200,16385,0,10,2.5,16385,0,SPXUSD,16385,14,100,0,15,1,0,1.5,14,1,50,1,0,1,2,1,2,0,100,50,0,abtg_news.csv,3,30,30,0,,1,0,0,1,0,1.5,20,770101,0,1
157,-15294.25,-34.52427,0.67450,-0.86220,-5.00000,17.6139,443,10,200,400,8,0,17,30,1,1,0,0,16385,60,120,1,1,0,0,0,0,150,1.5,0,14,200,16385,0,10,2.5,16385,0,SPXUSD,16385,14,100,0,15,1,0,1.5,14,1,50,1,0,1,2,1,2,0,100,50,0,abtg_news.csv,3,30,30,0,,1,0,0,1,0,1.5,20,770101,0,1
291,-2236.64,-4.76896,0.95932,-0.25626,-1.93547,8.4026,469,20,100,700,8,0,17,30,1,1,0,0,16385,60,120,1,1,0,0,0,0,150,1.5,0,14,200,16385,0,10,2.5,16385,0,SPXUSD,16385,14,100,0,15,1,0,1.5,14,1,50,1,0,1,2,1,2,0,100,50,0,abtg_news.csv,3,30,30,0,,1,0,0,1,0,1.5,20,770101,0,1
131,-6207.96,-15.03138,0.77009,-0.54232,-5.00000,11.1247,413,60,300,300,8,0,17,30,1,1,0,0,16385,60,120,1,1,0,0,0,0,150,1.5,0,14,200,16385,0,10,2.5,16385,0,SPXUSD,16385,14,100,0,15,1,0,1.5,14,1,50,1,0,1,2,1,2,0,100,50,0,abtg_news.csv,3,30,30,0,,1,0,0,1,0,1.5,20,770101,0,1
379,-4930.82,-10.71917,0.89311,-0.37479,-4.33132,12.9445,460,40,400,800,8,0,17,30,1,1,0,0,16385,60,120,1,1,0,0,0,0,150,1.5,0,14,200,16385,0,10,2.5,16385,0,SPXUSD,16385,14,100,0,15,1,0,1.5,14,1,50,1,0,1,2,1,2,0,100,50,0,abtg_news.csv,3,30,30,0,,1,0,0,1,0,1.5,20,770101,0,1
114,-8121.61,-19.06481,0.72085,-0.65842,-5.00000,12.0311,426,35,200,300,8,0,17,30,1,1,0,0,16385,60,120,1,1,0,0,0,0,150,1.5,0,14,200,16385,0,10,2.5,16385,0,SPXUSD,16385,14,100,0,15,1,0,1.5,14,1,50,1,0,1,2,1,2,0,100,50,0,abtg_news.csv,3,30,30,0,,1,0,0,1,0,1.5,20,770101,0,1
374,2127.91,4.39651,1.04059,0.39849,1.65043,5.3272,484,15,400,800,8,0,17,30,1,1,0,0,16385,60,120,1,1,0,0,0,0,150,1.5,0,14,200,16385,0,10,2.5,16385,0,SPXUSD,16385,14,100,0,15,1,0,1.5,14,1,50,1,0,1,2,1,2,0,100,50,0,abtg_news.csv,3,30,30,0,,1,0,0,1,0,1.5,20,770101,0,1
272,-3729.53,-8.45698,0.90424,-0.29731,-3.99519,12.2835,441,45,300,600,8,0,17,30,1,1,0,0,16385,60,120,1,1,0,0,0,0,150,1.5,0,14,200,16385,0,10,2.5,16385,0,SPXUSD,16385,14,100,0,15,1,0,1.5,14,1,50,1,0,1,2,1,2,0,100,50,0,abtg_news.csv,3,30,30,0,,1,0,0,1,0,1.5,20,770101,0,1
152,-10462.06,-24.96912,0.70801,-0.68435,-5.00000,14.9686,419,45,100,400,8,0,17,30,1,1,0,0,16385,60,120,1,1,0,0,0,0,150,1.5,0,14,200,16385,0,10,2.5,16385,0,SPXUSD,16385,14,100,0,15,1,0,1.5,14,1,50,1,0,1,2,1,2,0,100,50,0,abtg_news.csv,3,30,30,0,,1,0,0,1,0,1.5,20,770101,0,1
255,-2367.00,-5.12338,0.95026,-0.29862,-2.27517,7.9053,462,20,200,600,8,0,17,30,1,1,0,0,16385,60,120,1,1,0,0,0,0,150,1.5,0,14,200,16385,0,10,2.5,16385,0,SPXUSD,16385,14,100,0,15,1,0,1.5,14,1,50,1,0,1,2,1,2,0,100,50,0,abtg_news.csv,3,30,30,0,,1,0,0,1,0,1.5,20,770101,0,1
269,-3961.28,-8.76389,0.90328,-0.32184,-4.07815,11.6881,452,30,300,600,8,0,17,30,1,1,0,0,16385,60,120,1,1,0,0,0,0,150,1.5,0,14,200,16385,0,10,2.5,16385,0,SPXUSD,16385,14,100,0,15,1,0,1.5,14,1,50,1,0,1,2,1,2,0,100,50,0,abtg_news.csv,3,30,30,0,,1,0,0,1,0,1.5,20,770101,0,1
75,-8471.17,-19.34057,0.69307,-0.75576,-5.00000,11.1878,438,20,300,200,8,0,17,30,1,1,0,0,16385,60,120,1,1,0,0,0,0,150,1.5,0,14,200,16385,0,10,2.5,16385,0,SPXUSD,16385,14,100,0,15,1,0,1.5,14,1,50,1,0,1,2,1,2,0,100,50,0,abtg_news.csv,3,30,30,0,,1,0,0,1,0,1.5,20,770101,0,1
279,-1520.63,-3.30572,0.96272,-0.16655,-1.54672,9.1081,460,20,400,600,8,0,17,30,1,1,0,0,16385,60,120,1,1,0,0,0,0,150,1.5,0,14,200,16385,0,10,2.5,16385,0,SPXUSD,16385,14,100,0,15,1,0,1.5,14,1,50,1,0,1,2,1,2,0,100,50,0,abtg_news.csv,3,30,30,0,,1,0,0,1,0,1.5,20,770101,0,1
7,-4396.40,-10.61932,0.71922,-0.45101,-5.00000,9.4055,414,40,100,100,8,0,17,30,1,1,0,0,16385,60,120,1,1,0,0,0,0,150,1.5,0,14,200,16385,0,10,2.5,16385,0,SPXUSD,16385,14,100,0,15,1,0,1.5,14,1,50,1,0,1,2,1,2,0,100,50,0,abtg_news.csv,3,30,30,0,,1,0,0,1,0,1.5,20,770101,0,1
39,-10983.22,-25.13323,0.49264,-0.86293,-5.00000,12.7125,437,20,400,100,8,0,17,30,1,1,0,0,16385,60,120,1,1,0,0,0,0,150,1.5,0,14,200,16385,0,10,2.5,16385,0,SPXUSD,16385,14,100,0,15,1,0,1.5,14,1,50,1,0,1,2,1,2,0,100,50,0,abtg_news.csv,3,30,30,0,,1,0,0,1,0,1.5,20,770101,0,1
338,-2116.37,-4.45552,0.96601,-0.14984,-1.61563,12.9003,475,15,100,800,8,0,17,30,1,1,0,0,16385,60,120,1,1,0,0,0,0,150,1.5,0,14,200,16385,0,10,2.5,16385,0,SPXUSD,16385,14,100,0,15,1,0,1.5,14,1,50,1,0,1,2,1,2,0,100,50,0,abtg_news.csv,3,30,30,0,,1,0,0,1,0,1.5,20,770101,0,1
316,-4461.57,-9.59477,0.90369,-0.54559,-4.14481,7.9804,465,25,300,700,8,0,17,30,1,1,0,0,16385,60,120,1,1,0,0,0,0,150,1.5,0,14,200,16385,0,10,2.5,16385,0,SPXUSD,16385,14,100,0,15,1,0,1.5,14,1,50,1,0,1,2,1,2,0,100,50,0,abtg_news.csv,3,30,30,0,,1,0,0,1,0,1.5,20,770101,0,1
169,-11958.38,-26.81251,0.72465,-0.79267,-5.00000,15.0249,446,10,300,400,8,0,17,30,1,1,0,0,16385,60,120,1,1,0,0,0,0,150,1.5,0,14,200,16385,0,10,2.5,16385,0,SPXUSD,16385,14,100,0,15,1,0,1.5,14,1,50,1,0,1,2,1,2,0,100,50,0,abtg_news.csv,3,30,30,0,,1,0,0,1,0,1.5,20,770101,0,1
196,-6504.42,-14.71588,0.84718,-0.66371,-5.00000,9.6154,442,25,100,500,8,0,17,30,1,1,0,0,16385,60,120,1,1,0,0,0,0,150,1.5,0,14,200,16385,0,10,2.5,16385,0,SPXUSD,16385,14,100,0,15,1,0,1.5,14,1,50,1,0,1,2,1,2,0,100,50,0,abtg_news.csv,3,30,30,0,,1,0,0,1,0,1.5,20,770101,0,1
245,-3574.48,-8.10540,0.91708,-0.29748,-3.64650,11.2184,441,30,100,600,8,0,17,30,1,1,0,0,16385,60,120,1,1,0,0,0,0,150,1.5,0,14,200,16385,0,10,2.5,16385,0,SPXUSD,16385,14,100,0,15,1,0,1.5,14,1,50,1,0,1,2,1,2,0,100,50,0,abtg_news.csv,3,30,30,0,,1,0,0,1,0,1.5,20,770101,0,1
195,-6622.66,-14.81579,0.85493,-0.71424,-5.00000,9.2499,447,20,100,500,8,0,17,30,1,1,0,0,16385,60,120,1,1,0,0,0,0,150,1.5,0,14,200,16385,0,10,2.5,16385,0,SPXUSD,16385,14,100,0,15,1,0,1.5,14,1,50,1,0,1,2,1,2,0,100,50,0,abtg_news.csv,3,30,30,0,,1,0,0,1,0,1.5,20,770101,0,1
10,-6158.37,-15.05714,0.62620,-0.65223,-5.00000,9.2645,409,55,100,100,8,0,17,30,1,1,0,0,16385,60,120,1,1,0,0,0,0,150,1.5,0,14,200,16385,0,10,2.5,16385,0,SPXUSD,16385,14,100,0,15,1,0,1.5,14,1,50,1,0,1,2,1,2,0,100,50,0,abtg_news.csv,3,30,30,0,,1,0,0,1,0,1.5,20,770101,0,1
214,-10102.80,-23.60467,0.74256,-0.60525,-5.00000,16.0165,428,55,200,500,8,0,17,30,1,1,0,0,16385,60,120,1,1,0,0,0,0,150,1.5,0,14,200,16385,0,10,2.5,16385,0,SPXUSD,16385,14,100,0,15,1,0,1.5,14,1,50,1,0,1,2,1,2,0,100,50,0,abtg_news.csv,3,30,30,0,,1,0,0,1,0,1.5,20,770101,0,1
43,-12795.12,-30.61033,0.41966,-0.91415,-5.00000,13.9814,418,40,400,100,8,0,17,30,1,1,0,0,16385,60,120,1,1,0,0,0,0,150,1.5,0,14,200,16385,0,10,2.5,16385,0,SPXUSD,16385,14,100,0,15,1,0,1.5,14,1,50,1,0,1,2,1,2,0,100,50,0,abtg_news.csv,3,30,30,0,,1,0,0,1,0,1.5,20,770101,0,1
80,-10003.95,-23.99029,0.60605,-0.83713,-5.00000,11.8825,417,45,300,200,8,0,17,30,1,1,0,0,16385,60,120,1,1,0,0,0,0,150,1.5,0,14,200,16385,0,10,2.5,16385,0,SPXUSD,16385,14,100,0,15,1,0,1.5,14,1,50,1,0,1,2,1,2,0,100,50,0,abtg_news.csv,3,30,30,0,,1,0,0,1,0,1.5,20,770101,0,1
340,-3952.25,-8.48122,0.92810,-0.33876,-3.22653,10.9760,466,25,100,800,8,0,17,30,1,1,0,0,16385,60,120,1,1,0,0,0,0,150,1.5,0,14,200,16385,0,10,2.5,16385,0,SPXUSD,16385,14,100,0,15,1,0,1.5,14,1,50,1,0,1,2,1,2,0,100,50,0,abtg_news.csv,3,30,30,0,,1,0,0,1,0,1.5,20,770101,0,1
127,-8257.00,-19.61283,0.69854,-0.74192,-5.00000,11.1022,421,40,300,300,8,0,17,30,1,1,0,0,16385,60,120,1,1,0,0,0,0,150,1.5,0,14,200,16385,0,10,2.5,16385,0,SPXUSD,16385,14,100,0,15,1,0,1.5,14,1,50,1,0,1,2,1,2,0,100,50,0,abtg_news.csv,3,30,30,0,,1,0,0,1,0,1.5,20,770101,0,1
185,-4375.46,-10.12838,0.85144,-0.46752,-5.00000,9.0744,432,30,400,400,8,0,17,30,1,1,0,0,16385,60,120,1,1,0,0,0,0,150,1.5,0,14,200,16385,0,10,2.5,16385,0,SPXUSD,16385,14,100,0,15,1,0,1.5,14,1,50,1,0,1,2,1,2,0,100,50,0,abtg_news.csv,3,30,30,0,,1,0,0,1,0,1.5,20,770101,0,1
332,-6843.73,-15.34469,0.83761,-0.43930,-5.00000,15.1937,446,45,400,700,8,0,17,30,1,1,0,0,16385,60,120,1,1,0,0,0,0,150,1.5,0,14,200,16385,0,10,2.5,16385,0,SPXUSD,16385,14,100,0,15,1,0,1.5,14,1,50,1,0,1,2,1,2,0,100,50,0,abtg_news.csv,3,30,30,0,,1,0,0,1,0,1.5,20,770101,0,1
70,-9170.64,-22.09793,0.62843,-0.77039,-5.00000,11.7632,415,55,200,200,8,0,17,30,1,1,0,0,16385,60,120,1,1,0,0,0,0,150,1.5,0,14,200,16385,0,10,2.5,16385,0,SPXUSD,16385,14,100,0,15,1,0,1.5,14,1,50,1,0,1,2,1,2,0,100,50,0,abtg_news.csv,3,30,30,0,,1,0,0,1,0,1.5,20,770101,0,1
72,-17979.17,-40.67686,0.58531,-0.94557,-5.00000,18.9871,442,5,300,200,8,0,17,30,1,1,0,0,16385,60,120,1,1,0,0,0,0,150,1.5,0,14,200,16385,0,10,2.5,16385,0,SPXUSD,16385,14,100,0,15,1,0,1.5,14,1,50,1,0,1,2,1,2,0,100,50,0,abtg_news.csv,3,30,30,0,,1,0,0,1,0,1.5,20,770101,0,1
134,-8287.74,-18.79306,0.74492,-0.74478,-5.00000,11.1107,441,15,400,300,8,0,17,30,1,1,0,0,16385,60,120,1,1,0,0,0,0,150,1.5,0,14,200,16385,0,10,2.5,16385,0,SPXUSD,16385,14,100,0,15,1,0,1.5,14,1,50,1,0,1,2,1,2,0,100,50,0,abtg_news.csv,3,30,30,0,,1,0,0,1,0,1.5,20,770101,0,1
94,-9092.72,-22.06971,0.63016,-0.68921,-5.00000,12.9011,412,55,400,200,8,0,17,30,1,1,0,0,16385,60,120,1,1,0,0,0,0,150,1.5,0,14,200,16385,0,10,2.5,16385,0,SPXUSD,16385,14,100,0,15,1,0,1.5,14,1,50,1,0,1,2,1,2,0,100,50,0,abtg_news.csv,3,30,30,0,,1,0,0,1,0,1.5,20,770101,0,1
217,-12150.04,-26.94022,0.75384,-0.77768,-5.00000,15.5444,451,10,300,500,8,0,17,30,1,1,0,0,16385,60,120,1,1,0,0,0,0,150,1.5,0,14,200,16385,0,10,2.5,16385,0,SPXUSD,16385,14,100,0,15,1,0,1.5,14,1,50,1,0,1,2,1,2,0,100,50,0,abtg_news.csv,3,30,30,0,,1,0,0,1,0,1.5,20,770101,0,1
296,-8703.49,-19.78066,0.81370,-0.65805,-5.00000,13.0996,440,45,100,700,8,0,17,30,1,1,0,0,16385,60,120,1,1,0,0,0,0,150,1.5,0,14,200,16385,0,10,2.5,16385,0,SPXUSD,16385,14,100,0,15,1,0,1.5,14,1,50,1,0,1,2,1,2,0,100,50,0,abtg_news.csv,3,30,30,0,,1,0,0,1,0,1.5,20,770101,0,1
383,-14461.61,-32.20849,0.70838,-0.77939,-5.00000,17.9296,449,60,400,800,8,0,17,30,1,1,0,0,16385,60,120,1,1,0,0,0,0,150,1.5,0,14,200,16385,0,10,2.5,16385,0,SPXUSD,16385,14,100,0,15,1,0,1.5,14,1,50,1,0,1,2,1,2,0,100,50,0,abtg_news.csv,3,30,30,0,,1,0,0,1,0,1.5,20,770101,0,1
380,-5594.66,-12.21541,0.87914,-0.35564,-5.00000,15.1153,458,45,400,800,8,0,17,30,1,1,0,0,16385,60,120,1,1,0,0,0,0,150,1.5,0,14,200,16385,0,10,2.5,16385,0,SPXUSD,16385,14,100,0,15,1,0,1.5,14,1,50,1,0,1,2,1,2,0,100,50,0,abtg_news.csv,3,30,30,0,,1,0,0,1,0,1.5,20,770101,0,1
162,-6023.99,-14.00928,0.81667,-0.44589,-5.00000,12.8685,430,35,200,400,8,0,17,30,1,1,0,0,16385,60,120,1,1,0,0,0,0,150,1.5,0,14,200,16385,0,10,2.5,16385,0,SPXUSD,16385,14,100,0,15,1,0,1.5,14,1,50,1,0,1,2,1,2,0,100,50,0,abtg_news.csv,3,30,30,0,,1,0,0,1,0,1.5,20,770101,0,1
135,-6677.59,-15.21091,0.76470,-0.67587,-5.00000,9.8648,439,20,400,300,8,0,17,30,1,1,0,0,16385,60,120,1,1,0,0,0,0,150,1.5,0,14,200,16385,0,10,2.5,16385,0,SPXUSD,16385,14,100,0,15,1,0,1.5,14,1,50,1,0,1,2,1,2,0,100,50,0,abtg_news.csv,3,30,30,0,,1,0,0,1,0,1.5,20,770101,0,1
311,-9687.15,-22.06640,0.78440,-0.54326,-5.00000,16.7912,439,60,200,700,8,0,17,30,1,1,0,0,16385,60,120,1,1,0,0,0,0,150,1.5,0,14,200,16385,0,10,2.5,16385,0,SPXUSD,16385,14,100,0,15,1,0,1.5,14,1,50,1,0,1,2,1,2,0,100,50,0,abtg_news.csv,3,30,30,0,,1,0,0,1,0,1.5,20,770101,0,1
240,-29664.07,-65.77399,0.60580,-0.95526,-5.00000,30.8629,451,5,100,600,8,0,17,30,1,1,0,0,16385,60,120,1,1,0,0,0,0,150,1.5,0,14,200,16385,0,10,2.5,16385,0,SPXUSD,16385,14,100,0,15,1,0,1.5,14,1,50,1,0,1,2,1,2,0,100,50,0,abtg_news.csv,3,30,30,0,,1,0,0,1,0,1.5,20,770101,0,1
262,-7883.46,-17.91695,0.81133,-0.51927,-5.00000,14.4328,440,55,200,600,8,0,17,30,1,1,0,0,16385,60,120,1,1,0,0,0,0,150,1.5,0,14,200,16385,0,10,2.5,16385,0,SPXUSD,16385,14,100,0,15,1,0,1.5,14,1,50,1,0,1,2,1,2,0,100,50,0,abtg_news.csv,3,30,30,0,,1,0,0,1,0,1.5,20,770101,0,1
252,-23517.24,-50.79317,0.67745,-0.93363,-5.00000,25.0097,463,5,200,600,8,0,17,30,1,1,0,0,16385,60,120,1,1,0,0,0,0,150,1.5,0,14,200,16385,0,10,2.5,16385,0,SPXUSD,16385,14,100,0,15,1,0,1.5,14,1,50,1,0,1,2,1,2,0,100,50,0,abtg_news.csv,3,30,30,0,,1,0,0,1,0,1.5,20,770101,0,1
241,-17557.10,-39.54302,0.72047,-0.76543,-5.00000,22.0910,444,10,100,600,8,0,17,30,1,1,0,0,16385,60,120,1,1,0,0,0,0,150,1.5,0,14,200,16385,0,10,2.5,16385,0,SPXUSD,16385,14,100,0,15,1,0,1.5,14,1,50,1,0,1,2,1,2,0,100,50,0,abtg_news.csv,3,30,30,0,,1,0,0,1,0,1.5,20,770101,0,1
246,-2487.82,-5.64132,0.93876,-0.17897,-2.37813,12.8397,441,35,100,600,8,0,17,30,1,1,0,0,16385,60,120,1,1,0,0,0,0,150,1.5,0,14,200,16385,0,10,2.5,16385,0,SPXUSD,16385,14,100,0,15,1,0,1.5,14,1,50,1,0,1,2,1,2,0,100,50,0,abtg_news.csv,3,30,30,0,,1,0,0,1,0,1.5,20,770101,0,1
146,-7498.13,-16.92580,0.82026,-0.65581,-5.00000,11.2846,443,15,100,400,8,0,17,30,1,1,0,0,16385,60,120,1,1,0,0,0,0,150,1.5,0,14,200,16385,0,10,2.5,16385,0,SPXUSD,16385,14,100,0,15,1,0,1.5,14,1,50,1,0,1,2,1,2,0,100,50,0,abtg_news.csv,3,30,30,0,,1,0,0,1,0,1.5,20,770101,0,1
108,-27046.74,-61.19172,0.51289,-0.96262,-5.00000,28.0493,442,5,200,300,8,0,17,30,1,1,0,0,16385,60,120,1,1,0,0,0,0,150,1.5,0,14,200,16385,0,10,2.5,16385,0,SPXUSD,16385,14,100,0,15,1,0,1.5,14,1,50,1,0,1,2,1,2,0,100,50,0,abtg_news.csv,3,30,30,0,,1,0,0,1,0,1.5,20,770101,0,1
226,-5122.39,-12.05268,0.84914,-0.42575,-5.00000,11.6694,425,55,300,500,8,0,17,30,1,1,0,0,16385,60,120,1,1,0,0,0,0,150,1.5,0,14,200,16385,0,10,2.5,16385,0,SPXUSD,16385,14,100,0,15,1,0,1.5,14,1,50,1,0,1,2,1,2,0,100,50,0,abtg_news.csv,3,30,30,0,,1,0,0,1,0,1.5,20,770101,0,1
259,-1333.80,-3.01765,0.96472,-0.15735,-1.36906,8.2444,442,40,200,600,8,0,17,30,1,1,0,0,16385,60,120,1,1,0,0,0,0,150,1.5,0,14,200,16385,0,10,2.5,16385,0,SPXUSD,16385,14,100,0,15,1,0,1.5,14,1,50,1,0,1,2,1,2,0,100,50,0,abtg_news.csv,3,30,30,0,,1,0,0,1,0,1.5,20,770101,0,1
160,-10394.67,-23.67806,0.72932,-0.86262,-5.00000,11.9709,439,25,200,400,8,0,17,30,1,1,0,0,16385,60,120,1,1,0,0,0,0,150,1.5,0,14,200,16385,0,10,2.5,16385,0,SPXUSD,16385,14,100,0,15,1,0,1.5,14,1,50,1,0,1,2,1,2,0,100,50,0,abtg_news.csv,3,30,30,0,,1,0,0,1,0,1.5,20,770101,0,1
260,-4226.57,-9.54079,0.89529,-0.41767,-4.47361,9.8943,443,45,200,600,8,0,17,30,1,1,0,0,16385,60,120,1,1,0,0,0,0,150,1.5,0,14,200,16385,0,10,2.5,16385,0,SPXUSD,16385,14,100,0,15,1,0,1.5,14,1,50,1,0,1,2,1,2,0,100,50,0,abtg_news.csv,3,30,30,0,,1,0,0,1,0,1.5,20,770101,0,1
237,-7317.86,-17.25910,0.77949,-0.58583,-5.00000,12.4616,424,50,400,500,8,0,17,30,1,1,0,0,16385,60,120,1,1,0,0,0,0,150,1.5,0,14,200,16385,0,10,2.5,16385,0,SPXUSD,16385,14,100,0,15,1,0,1.5,14,1,50,1,0,1,2,1,2,0,100,50,0,abtg_news.csv,3,30,30,0,,1,0,0,1,0,1.5,20,770101,0,1
68,-5872.53,-13.98221,0.73387,-0.72961,-5.00000,7.9947,420,45,200,200,8,0,17,30,1,1,0,0,16385,60,120,1,1,0,0,0,0,150,1.5,0,14,200,16385,0,10,2.5,16385,0,SPXUSD,16385,14,100,0,15,1,0,1.5,14,1,50,1,0,1,2,1,2,0,100,50,0,abtg_news.csv,3,30,30,0,,1,0,0,1,0,1.5,20,770101,0,1
334,-8874.40,-20.21503,0.78506,-0.62693,-5.00000,13.6805,439,55,400,700,8,0,17,30,1,1,0,0,16385,60,120,1,1,0,0,0,0,150,1.5,0,14,200,16385,0,10,2.5,16385,0,SPXUSD,16385,14,100,0,15,1,0,1.5,14,1,50,1,0,1,2,1,2,0,100,50,0,abtg_news.csv,3,30,30,0,,1,0,0,1,0,1.5,20,770101,0,1
228,-13316.76,-29.20342,0.75341,-0.67570,-5.00000,19.5873,456,5,400,500,8,0,17,30,1,1,0,0,16385,60,120,1,1,0,0,0,0,150,1.5,0,14,200,16385,0,10,2.5,16385,0,SPXUSD,16385,14,100,0,15,1,0,1.5,14,1,50,1,0,1,2,1,2,0,100,50,0,abtg_news.csv,3,30,30,0,,1,0,0,1,0,1.5,20,770101,0,1
27,-10021.65,-22.93284,0.53448,-0.86022,-5.00000,11.6381,437,20,300,100,8,0,17,30,1,1,0,0,16385,60,120,1,1,0,0,0,0,150,1.5,0,14,200,16385,0,10,2.5,16385,0,SPXUSD,16385,14,100,0,15,1,0,1.5,14,1,50,1,0,1,2,1,2,0,100,50,0,abtg_news.csv,3,30,30,0,,1,0,0,1,0,1.5,20,770101,0,1
104,-6988.10,-16.87947,0.75549,-0.69569,-5.00000,9.9519,414,45,100,300,8,0,17,30,1,1,0,0,16385,60,120,1,1,0,0,0,0,150,1.5,0,14,200,16385,0,10,2.5,16385,0,SPXUSD,16385,14,100,0,15,1,0,1.5,14,1,50,1,0,1,2,1,2,0,100,50,0,abtg_news.csv,3,30,30,0,,1,0,0,1,0,1.5,20,770101,0,1
149,-7938.36,-18.76681,0.77528,-0.60549,-5.00000,12.6077,423,30,100,400,8,0,17,30,1,1,0,0,16385,60,120,1,1,0,0,0,0,150,1.5,0,14,200,16385,0,10,2.5,16385,0,SPXUSD,16385,14,100,0,15,1,0,1.5,14,1,50,1,0,1,2,1,2,0,100,50,0,abtg_news.csv,3,30,30,0,,1,0,0,1,0,1.5,20,770101,0,1
352,-1994.95,-4.22659,0.96075,-0.24746,-1.60802,7.6862,472,25,200,800,8,0,17,30,1,1,0,0,16385,60,120,1,1,0,0,0,0,150,1.5,0,14,200,16385,0,10,2.5,16385,0,SPXUSD,16385,14,100,0,15,1,0,1.5,14,1,50,1,0,1,2,1,2,0,100,50,0,abtg_news.csv,3,30,30,0,,1,0,0,1,0,1.5,20,770101,0,1
53,-5451.05,-13.00967,0.78152,-0.44214,-5.00000,11.6585,419,30,100,200,8,0,17,30,1,1,0,0,16385,60,120,1,1,0,0,0,0,150,1.5,0,14,200,16385,0,10,2.5,16385,0,SPXUSD,16385,14,100,0,15,1,0,1.5,14,1,50,1,0,1,2,1,2,0,100,50,0,abtg_news.csv,3,30,30,0,,1,0,0,1,0,1.5,20,770101,0,1
21,-7643.48,-18.37375,0.55639,-0.81329,-5.00000,9.3281,416,50,200,100,8,0,17,30,1,1,0,0,16385,60,120,1,1,0,0,0,0,150,1.5,0,14,200,16385,0,10,2.5,16385,0,SPXUSD,16385,14,100,0,15,1,0,1.5,14,1,50,1,0,1,2,1,2,0,100,50,0,abtg_news.csv,3,30,30,0,,1,0,0,1,0,1.5,20,770101,0,1
86,-8863.04,-20.18916,0.68999,-0.80571,-5.00000,10.9934,439,15,400,200,8,0,17,30,1,1,0,0,16385,60,120,1,1,0,0,0,0,150,1.5,0,14,200,16385,0,10,2.5,16385,0,SPXUSD,16385,14,100,0,15,1,0,1.5,14,1,50,1,0,1,2,1,2,0,100,50,0,abtg_news.csv,3,30,30,0,,1,0,0,1,0,1.5,20,770101,0,1
305,-6197.71,-13.53212,0.87497,-0.43266,-5.00000,13.5430,458,30,200,700,8,0,17,30,1,1,0,0,16385,60,120,1,1,0,0,0,0,150,1.5,0,14,200,16385,0,10,2.5,16385,0,SPXUSD,16385,14,100,0,15,1,0,1.5,14,1,50,1,0,1,2,1,2,0,100,50,0,abtg_news.csv,3,30,30,0,,1,0,0,1,0,1.5,20,770101,0,1
322,-6405.58,-14.42698,0.84672,-0.50324,-5.00000,12.3032,444,55,300,700,8,0,17,30,1,1,0,0,16385,60,120,1,1,0,0,0,0,150,1.5,0,14,200,16385,0,10,2.5,16385,0,SPXUSD,16385,14,100,0,15,1,0,1.5,14,1,50,1,0,1,2,1,2,0,100,50,0,abtg_news.csv,3,30,30,0,,1,0,0,1,0,1.5,20,770101,0,1
124,-9303.12,-21.38648,0.71237,-0.87858,-5.00000,10.5538,435,25,300,300,8,0,17,30,1,1,0,0,16385,60,120,1,1,0,0,0,0,150,1.5,0,14,200,16385,0,10,2.5,16385,0,SPXUSD,16385,14,100,0,15,1,0,1.5,14,1,50,1,0,1,2,1,2,0,100,50,0,abtg_news.csv,3,30,30,0,,1,0,0,1,0,1.5,20,770101,0,1
3,-11965.00,-27.82558,0.53657,-0.91416,-5.00000,13.0754,430,20,100,100,8,0,17,30,1,1,0,0,16385,60,120,1,1,0,0,0,0,150,1.5,0,14,200,16385,0,10,2.5,16385,0,SPXUSD,16385,14,100,0,15,1,0,1.5,14,1,50,1,0,1,2,1,2,0,100,50,0,abtg_news.csv,3,30,30,0,,1,0,0,1,0,1.5,20,770101,0,1
128,-8508.70,-20.30716,0.70041,-0.66561,-5.00000,12.5947,419,45,300,300,8,0,17,30,1,1,0,0,16385,60,120,1,1,0,0,0,0,150,1.5,0,14,200,16385,0,10,2.5,16385,0,SPXUSD,16385,14,100,0,15,1,0,1.5,14,1,50,1,0,1,2,1,2,0,100,50,0,abtg_news.csv,3,30,30,0,,1,0,0,1,0,1.5,20,770101,0,1
250,-7700.13,-17.70145,0.82014,-0.48619,-5.00000,15.0415,435,55,100,600,8,0,17,30,1,1,0,0,16385,60,120,1,1,0,0,0,0,150,1.5,0,14,200,16385,0,10,2.5,16385,0,SPXUSD,16385,14,100,0,15,1,0,1.5,14,1,50,1,0,1,2,1,2,0,100,50,0,abtg_news.csv,3,30,30,0,,1,0,0,1,0,1.5,20,770101,0,1
256,-556.41,-1.22020,0.98723,-0.08186,-0.52846,6.4675,456,25,200,600,8,0,17,30,1,1,0,0,16385,60,120,1,1,0,0,0,0,150,1.5,0,14,200,16385,0,10,2.5,16385,0,SPXUSD,16385,14,100,0,15,1,0,1.5,14,1,50,1,0,1,2,1,2,0,100,50,0,abtg_news.csv,3,30,30,0,,1,0,0,1,0,1.5,20,770101,0,1
359,-11629.46,-25.72889,0.76264,-0.63641,-5.00000,17.2793,452,60,200,800,8,0,17,30,1,1,0,0,16385,60,120,1,1,0,0,0,0,150,1.5,0,14,200,16385,0,10,2.5,16385,0,SPXUSD,16385,14,100,0,15,1,0,1.5,14,1,50,1,0,1,2,1,2,0,100,50,0,abtg_news.csv,3,30,30,0,,1,0,0,1,0,1.5,20,770101,0,1
278,-217.51,-0.46978,0.99507,-0.03613,-0.21993,5.9119,463,15,400,600,8,0,17,30,1,1,0,0,16385,60,120,1,1,0,0,0,0,150,1.5,0,14,200,16385,0,10,2.5,16385,0,SPXUSD,16385,14,100,0,15,1,0,1.5,14,1,50,1,0,1,2,1,2,0,100,50,0,abtg_news.csv,3,30,30,0,,1,0,0,1,0,1.5,20,770101,0,1
337,-12213.48,-26.26555,0.83342,-0.64744,-5.00000,18.0253,465,10,100,800,8,0,17,30,1,1,0,0,16385,60,120,1,1,0,0,0,0,150,1.5,0,14,200,16385,0,10,2.5,16385,0,SPXUSD,16385,14,100,0,15,1,0,1.5,14,1,50,1,0,1,2,1,2,0,100,50,0,abtg_news.csv,3,30,30,0,,1,0,0,1,0,1.5,20,770101,0,1
90,-9658.36,-22.94147,0.60495,-0.74514,-5.00000,12.7567,421,35,400,200,8,0,17,30,1,1,0,0,16385,60,120,1,1,0,0,0,0,150,1.5,0,14,200,16385,0,10,2.5,16385,0,SPXUSD,16385,14,100,0,15,1,0,1.5,14,1,50,1,0,1,2,1,2,0,100,50,0,abtg_news.csv,3,30,30,0,,1,0,0,1,0,1.5,20,770101,0,1
74,-13870.72,-31.45288,0.58534,-0.86821,-5.00000,15.9610,441,15,300,200,8,0,17,30,1,1,0,0,16385,60,120,1,1,0,0,0,0,150,1.5,0,14,200,16385,0,10,2.5,16385,0,SPXUSD,16385,14,100,0,15,1,0,1.5,14,1,50,1,0,1,2,1,2,0,100,50,0,abtg_news.csv,3,30,30,0,,1,0,0,1,0,1.5,20,770101,0,1
179,-7720.07,-18.55786,0.75635,-0.57330,-5.00000,13.0522,416,60,300,400,8,0,17,30,1,1,0,0,16385,60,120,1,1,0,0,0,0,150,1.5,0,14,200,16385,0,10,2.5,16385,0,SPXUSD,16385,14,100,0,15,1,0,1.5,14,1,50,1,0,1,2,1,2,0,100,50,0,abtg_news.csv,3,30,30,0,,1,0,0,1,0,1.5,20,770101,0,1
360,-8263.22,-16.69337,0.89424,-0.51575,-5.00000,15.9407,495,5,300,800,8,0,17,30,1,1,0,0,16385,60,120,1,1,0,0,0,0,150,1.5,0,14,200,16385,0,10,2.5,16385,0,SPXUSD,16385,14,100,0,15,1,0,1.5,14,1,50,1,0,1,2,1,2,0,100,50,0,abtg_news.csv,3,30,30,0,,1,0,0,1,0,1.5,20,770101,0,1
193,-17263.43,-39.32444,0.69403,-0.78211,-5.00000,21.6011,439,10,100,500,8,0,17,30,1,1,0,0,16385,60,120,1,1,0,0,0,0,150,1.5,0,14,200,16385,0,10,2.5,16385,0,SPXUSD,16385,14,100,0,15,1,0,1.5,14,1,50,1,0,1,2,1,2,0,100,50,0,abtg_news.csv,3,30,30,0,,1,0,0,1,0,1.5,20,770101,0,1
221,-5264.35,-12.07420,0.84837,-0.46652,-5.00000,10.8592,436,30,300,500,8,0,17,30,1,1,0,0,16385,60,120,1,1,0,0,0,0,150,1.5,0,14,200,16385,0,10,2.5,16385,0,SPXUSD,16385,14,100,0,15,1,0,1.5,14,1,50,1,0,1,2,1,2,0,100,50,0,abtg_news.csv,3,30,30,0,,1,0,0,1,0,1.5,20,770101,0,1
345,-1319.76,-2.87529,0.97210,-0.10196,-1.09738,12.1575,459,50,100,800,8,0,17,30,1,1,0,0,16385,60,120,1,1,0,0,0,0,150,1.5,0,14,200,16385,0,10,2.5,16385,0,SPXUSD,16385,14,100,0,15,1,0,1.5,14,1,50,1,0,1,2,1,2,0,100,50,0,abtg_news.csv,3,30,30,0,,1,0,0,1,0,1.5,20,770101,0,1
120,-19078.10,-42.87213,0.60790,-0.94019,-5.00000,20.2638,445,5,300,300,8,0,17,30,1,1,0,0,16385,60,120,1,1,0,0,0,0,150,1.5,0,14,200,16385,0,10,2.5,16385,0,SPXUSD,16385,14,100,0,15,1,0,1.5,14,1,50,1,0,1,2,1,2,0,100,50,0,abtg_news.csv,3,30,30,0,,1,0,0,1,0,1.5,20,770101,0,1
231,-4659.93,-10.35540,0.87440,-0.42997,-5.00000,10.8118,450,20,400,500,8,0,17,30,1,1,0,0,16385,60,120,1,1,0,0,0,0,150,1.5,0,14,200,16385,0,10,2.5,16385,0,SPXUSD,16385,14,100,0,15,1,0,1.5,14,1,50,1,0,1,2,1,2,0,100,50,0,abtg_news.csv,3,30,30,0,,1,0,0,1,0,1.5,20,770101,0,1
273,-2713.09,-6.19427,0.92659,-0.23271,-3.02027,11.4522,438,50,300,600,8,0,17,30,1,1,0,0,16385,60,120,1,1,0,0,0,0,150,1.5,0,14,200,16385,0,10,2.5,16385,0,SPXUSD,16385,14,100,0,15,1,0,1.5,14,1,50,1,0,1,2,1,2,0,100,50,0,abtg_news.csv,3,30,30,0,,1,0,0,1,0,1.5,20,770101,0,1
67,-3833.16,-9.10489,0.81110,-0.66811,-5.00000,5.7300,421,40,200,200,8,0,17,30,1,1,0,0,16385,60,120,1,1,0,0,0,0,150,1.5,0,14,200,16385,0,10,2.5,16385,0,SPXUSD,16385,14,100,0,15,1,0,1.5,14,1,50,1,0,1,2,1,2,0,100,50,0,abtg_news.csv,3,30,30,0,,1,0,0,1,0,1.5,20,770101,0,1
346,-6740.88,-14.91345,0.85969,-0.42863,-5.00000,14.8420,452,55,100,800,8,0,17,30,1,1,0,0,16385,60,120,1,1,0,0,0,0,150,1.5,0,14,200,16385,0,10,2.5,16385,0,SPXUSD,16385,14,100,0,15,1,0,1.5,14,1,50,1,0,1,2,1,2,0,100,50,0,abtg_news.csv,3,30,30,0,,1,0,0,1,0,1.5,20,770101,0,1
85,-16149.47,-36.78695,0.54352,-0.89142,-5.00000,18.0658,439,10,400,200,8,0,17,30,1,1,0,0,16385,60,120,1,1,0,0,0,0,150,1.5,0,14,200,16385,0,10,2.5,16385,0,SPXUSD,16385,14,100,0,15,1,0,1.5,14,1,50,1,0,1,2,1,2,0,100,50,0,abtg_news.csv,3,30,30,0,,1,0,0,1,0,1.5,20,770101,0,1
44,-11031.58,-26.51822,0.46123,-0.86572,-5.00000,12.6569,416,45,400,100,8,0,17,30,1,1,0,0,16385,60,120,1,1,0,0,0,0,150,1.5,0,14,200,16385,0,10,2.5,16385,0,SPXUSD,16385,14,100,0,15,1,0,1.5,14,1,50,1,0,1,2,1,2,0,100,50,0,abtg_news.csv,3,30,30,0,,1,0,0,1,0,1.5,20,770101,0,1
320,-5280.32,-11.76018,0.87901,-0.36599,-5.00000,14.0710,449,45,300,700,8,0,17,30,1,1,0,0,16385,60,120,1,1,0,0,0,0,150,1.5,0,14,200,16385,0,10,2.5,16385,0,SPXUSD,16385,14,100,0,15,1,0,1.5,14,1,50,1,0,1,2,1,2,0,100,50,0,abtg_news.csv,3,30,30,0,,1,0,0,1,0,1.5,20,770101,0,1
199,-4833.69,-11.26734,0.86972,-0.33657,-5.00000,13.7620,429,40,100,500,8,0,17,30,1,1,0,0,16385,60,120,1,1,0,0,0,0,150,1.5,0,14,200,16385,0,10,2.5,16385,0,SPXUSD,16385,14,100,0,15,1,0,1.5,14,1,50,1,0,1,2,1,2,0,100,50,0,abtg_news.csv,3,30,30,0,,1,0,0,1,0,1.5,20,770101,0,1
168,-19535.38,-43.31570,0.64858,-0.90772,-5.00000,21.4258,451,5,300,400,8,0,17,30,1,1,0,0,16385,60,120,1,1,0,0,0,0,150,1.5,0,14,200,16385,0,10,2.5,16385,0,SPXUSD,16385,14,100,0,15,1,0,1.5,14,1,50,1,0,1,2,1,2,0,100,50,0,abtg_news.csv,3,30,30,0,,1,0,0,1,0,1.5,20,770101,0,1
194,-4871.86,-10.77845,0.89829,-0.49697,-5.00000,9.5937,452,15,100,500,8,0,17,30,1,1,0,0,16385,60,120,1,1,0,0,0,0,150,1.5,0,14,200,16385,0,10,2.5,16385,0,SPXUSD,16385,14,100,0,15,1,0,1.5,14,1,50,1,0,1,2,1,2,0,100,50,0,abtg_news.csv,3,30,30,0,,1,0,0,1,0,1.5,20,770101,0,1
15,-11076.09,-25.40388,0.53001,-0.88603,-5.00000,12.4840,436,20,200,100,8,0,17,30,1,1,0,0,16385,60,120,1,1,0,0,0,0,150,1.5,0,14,200,16385,0,10,2.5,16385,0,SPXUSD,16385,14,100,0,15,1,0,1.5,14,1,50,1,0,1,2,1,2,0,100,50,0,abtg_news.csv,3,30,30,0,,1,0,0,1,0,1.5,20,770101,0,1
192,-33654.49,-76.48748,0.52220,-0.96145,-5.00000,34.7890,440,5,100,500,8,0,17,30,1,1,0,0,16385,60,120,1,1,0,0,0,0,150,1.5,0,14,200,16385,0,10,2.5,16385,0,SPXUSD,16385,14,100,0,15,1,0,1.5,14,1,50,1,0,1,2,1,2,0,100,50,0,abtg_news.csv,3,30,30,0,,1,0,0,1,0,1.5,20,770101,0,1
299,-9112.19,-20.75670,0.80082,-0.53499,-5.00000,16.0756,439,60,100,700,8,0,17,30,1,1,0,0,16385,60,120,1,1,0,0,0,0,150,1.5,0,14,200,16385,0,10,2.5,16385,0,SPXUSD,16385,14,100,0,15,1,0,1.5,14,1,50,1,0,1,2,1,2,0,100,50,0,abtg_news.csv,3,30,30,0,,1,0,0,1,0,1.5,20,770101,0,1
348,-23325.50,-48.29296,0.72685,-0.87420,-5.00000,26.5308,483,5,200,800,8,0,17,30,1,1,0,0,16385,60,120,1,1,0,0,0,0,150,1.5,0,14,200,16385,0,10,2.5,16385,0,SPXUSD,16385,14,100,0,15,1,0,1.5,14,1,50,1,0,1,2,1,2,0,100,50,0,abtg_news.csv,3,30,30,0,,1,0,0,1,0,1.5,20,770101,0,1
283,-7126.81,-16.16057,0.82291,-0.47538,-5.00000,14.5933,441,40,400,600,8,0,17,30,1,1,0,0,16385,60,120,1,1,0,0,0,0,150,1.5,0,14,200,16385,0,10,2.5,16385,0,SPXUSD,16385,14,100,0,15,1,0,1.5,14,1,50,1,0,1,2,1,2,0,100,50,0,abtg_news.csv,3,30,30,0,,1,0,0,1,0,1.5,20,770101,0,1
84,-11715.51,-26.56578,0.67956,-0.81448,-5.00000,14.3216,441,5,400,200,8,0,17,30,1,1,0,0,16385,60,120,1,1,0,0,0,0,150,1.5,0,14,200,16385,0,10,2.5,16385,0,SPXUSD,16385,14,100,0,15,1,0,1.5,14,1,50,1,0,1,2,1,2,0,100,50,0,abtg_news.csv,3,30,30,0,,1,0,0,1,0,1.5,20,770101,0,1
96,-32241.92,-74.46171,0.46711,-0.97197,-5.00000,33.0875,433,5,100,300,8,0,17,30,1,1,0,0,16385,60,120,1,1,0,0,0,0,150,1.5,0,14,200,16385,0,10,2.5,16385,0,SPXUSD,16385,14,100,0,15,1,0,1.5,14,1,50,1,0,1,2,1,2,0,100,50,0,abtg_news.csv,3,30,30,0,,1,0,0,1,0,1.5,20,770101,0,1
115,-8058.28,-19.05031,0.71703,-0.78141,-5.00000,10.2857,423,40,200,300,8,0,17,30,1,1,0,0,16385,60,120,1,1,0,0,0,0,150,1.5,0,14,200,16385,0,10,2.5,16385,0,SPXUSD,16385,14,100,0,15,1,0,1.5,14,1,50,1,0,1,2,1,2,0,100,50,0,abtg_news.csv,3,30,30,0,,1,0,0,1,0,1.5,20,770101,0,1
180,-13209.96,-29.35547,0.72178,-0.75688,-5.00000,17.3642,450,5,400,400,8,0,17,30,1,1,0,0,16385,60,120,1,1,0,0,0,0,150,1.5,0,14,200,16385,0,10,2.5,16385,0,SPXUSD,16385,14,100,0,15,1,0,1.5,14,1,50,1,0,1,2,1,2,0,100,50,0,abtg_news.csv,3,30,30,0,,1,0,0,1,0,1.5,20,770101,0,1
336,-29639.90,-63.33312,0.65553,-0.91718,-5.00000,32.1182,468,5,100,800,8,0,17,30,1,1,0,0,16385,60,120,1,1,0,0,0,0,150,1.5,0,14,200,16385,0,10,2.5,16385,0,SPXUSD,16385,14,100,0,15,1,0,1.5,14,1,50,1,0,1,2,1,2,0,100,50,0,abtg_news.csv,3,30,30,0,,1,0,0,1,0,1.5,20,770101,0,1
372,-1502.97,-2.98801,0.97964,-0.11718,-1.10035,12.6236,503,5,400,800,8,0,17,30,1,1,0,0,16385,60,120,1,1,0,0,0,0,150,1.5,0,14,200,16385,0,10,2.5,16385,0,SPXUSD,16385,14,100,0,15,1,0,1.5,14,1,50,1,0,1,2,1,2,0,100,50,0,abtg_news.csv,3,30,30,0,,1,0,0,1,0,1.5,20,770101,0,1
151,-8612.02,-20.40763,0.74909,-0.59939,-5.00000,14.0324,422,40,100,400,8,0,17,30,1,1,0,0,16385,60,120,1,1,0,0,0,0,150,1.5,0,14,200,16385,0,10,2.5,16385,0,SPXUSD,16385,14,100,0,15,1,0,1.5,14,1,50,1,0,1,2,1,2,0,100,50,0,abtg_news.csv,3,30,30,0,,1,0,0,1,0,1.5,20,770101,0,1
300,-22844.40,-48.19494,0.71146,-0.90950,-5.00000,24.9751,474,5,200,700,8,0,17,30,1,1,0,0,16385,60,120,1,1,0,0,0,0,150,1.5,0,14,200,16385,0,10,2.5,16385,0,SPXUSD,16385,14,100,0,15,1,0,1.5,14,1,50,1,0,1,2,1,2,0,100,50,0,abtg_news.csv,3,30,30,0,,1,0,0,1,0,1.5,20,770101,0,1
148,-8261.37,-18.94810,0.79318,-0.77931,-5.00000,10.4788,436,25,100,400,8,0,17,30,1,1,0,0,16385,60,120,1,1,0,0,0,0,150,1.5,0,14,200,16385,0,10,2.5,16385,0,SPXUSD,16385,14,100,0,15,1,0,1.5,14,1,50,1,0,1,2,1,2,0,100,50,0,abtg_news.csv,3,30,30,0,,1,0,0,1,0,1.5,20,770101,0,1
244,-3478.86,-7.67960,0.92673,-0.37585,-3.48702,8.8573,453,25,100,600,8,0,17,30,1,1,0,0,16385,60,120,1,1,0,0,0,0,150,1.5,0,14,200,16385,0,10,2.5,16385,0,SPXUSD,16385,14,100,0,15,1,0,1.5,14,1,50,1,0,1,2,1,2,0,100,50,0,abtg_news.csv,3,30,30,0,,1,0,0,1,0,1.5,20,770101,0,1
8,-8381.34,-20.44229,0.56330,-0.85287,-5.00000,9.7953,410,45,100,100,8,0,17,30,1,1,0,0,16385,60,120,1,1,0,0,0,0,150,1.5,0,14,200,16385,0,10,2.5,16385,0,SPXUSD,16385,14,100,0,15,1,0,1.5,14,1,50,1,0,1,2,1,2,0,100,50,0,abtg_news.csv,3,30,30,0,,1,0,0,1,0,1.5,20,770101,0,1
48,-29455.56,-68.50130,0.46080,-0.96839,-5.00000,30.3398,430,5,100,200,8,0,17,30,1,1,0,0,16385,60,120,1,1,0,0,0,0,150,1.5,0,14,200,16385,0,10,2.5,16385,0,SPXUSD,16385,14,100,0,15,1,0,1.5,14,1,50,1,0,1,2,1,2,0,100,50,0,abtg_news.csv,3,30,30,0,,1,0,0,1,0,1.5,20,770101,0,1
235,-3816.89,-8.83539,0.88356,-0.33076,-4.64634,11.3101,432,40,400,500,8,0,17,30,1,1,0,0,16385,60,120,1,1,0,0,0,0,150,1.5,0,14,200,16385,0,10,2.5,16385,0,SPXUSD,16385,14,100,0,15,1,0,1.5,14,1,50,1,0,1,2,1,2,0,100,50,0,abtg_news.csv,3,30,30,0,,1,0,0,1,0,1.5,20,770101,0,1
16,-12269.93,-28.40262,0.48117,-0.85844,-5.00000,14.1255,432,25,200,100,8,0,17,30,1,1,0,0,16385,60,120,1,1,0,0,0,0,150,1.5,0,14,200,16385,0,10,2.5,16385,0,SPXUSD,16385,14,100,0,15,1,0,1.5,14,1,50,1,0,1,2,1,2,0,100,50,0,abtg_news.csv,3,30,30,0,,1,0,0,1,0,1.5,20,770101,0,1
36,-12610.59,-28.66043,0.56072,-0.81701,-5.00000,15.4104,440,5,400,100,8,0,17,30,1,1,0,0,16385,60,120,1,1,0,0,0,0,150,1.5,0,14,200,16385,0,10,2.5,16385,0,SPXUSD,16385,14,100,0,15,1,0,1.5,14,1,50,1,0,1,2,1,2,0,100,50,0,abtg_news.csv,3,30,30,0,,1,0,0,1,0,1.5,20,770101,0,1
280,-1630.18,-3.59070,0.95808,-0.24039,-1.74751,6.6181,454,25,400,600,8,0,17,30,1,1,0,0,16385,60,120,1,1,0,0,0,0,150,1.5,0,14,200,16385,0,10,2.5,16385,0,SPXUSD,16385,14,100,0,15,1,0,1.5,14,1,50,1,0,1,2,1,2,0,100,50,0,abtg_news.csv,3,30,30,0,,1,0,0,1,0,1.5,20,770101,0,1
19,-5139.36,-12.26578,0.67097,-0.65461,-5.00000,7.7578,419,40,200,100,8,0,17,30,1,1,0,0,16385,60,120,1,1,0,0,0,0,150,1.5,0,14,200,16385,0,10,2.5,16385,0,SPXUSD,16385,14,100,0,15,1,0,1.5,14,1,50,1,0,1,2,1,2,0,100,50,0,abtg_news.csv,3,30,30,0,,1,0,0,1,0,1.5,20,770101,0,1
144,-33311.79,-76.57883,0.48983,-0.96495,-5.00000,34.4341,435,5,100,400,8,0,17,30,1,1,0,0,16385,60,120,1,1,0,0,0,0,150,1.5,0,14,200,16385,0,10,2.5,16385,0,SPXUSD,16385,14,100,0,15,1,0,1.5,14,1,50,1,0,1,2,1,2,0,100,50,0,abtg_news.csv,3,30,30,0,,1,0,0,1,0,1.5,20,770101,0,1
355,-5284.05,-11.56247,0.88990,-0.36472,-4.43230,13.9751,457,40,200,800,8,0,17,30,1,1,0,0,16385,60,120,1,1,0,0,0,0,150,1.5,0,14,200,16385,0,10,2.5,16385,0,SPXUSD,16385,14,100,0,15,1,0,1.5,14,1,50,1,0,1,2,1,2,0,100,50,0,abtg_news.csv,3,30,30,0,,1,0,0,1,0,1.5,20,770101,0,1
31,-5936.49,-14.20213,0.63147,-0.81258,-5.00000,7.3014,418,40,300,100,8,0,17,30,1,1,0,0,16385,60,120,1,1,0,0,0,0,150,1.5,0,14,200,16385,0,10,2.5,16385,0,SPXUSD,16385,14,100,0,15,1,0,1.5,14,1,50,1,0,1,2,1,2,0,100,50,0,abtg_news.csv,3,30,30,0,,1,0,0,1,0,1.5,20,770101,0,1
24,-18354.63,-41.62048,0.47954,-0.93600,-5.00000,19.5744,441,5,300,100,8,0,17,30,1,1,0,0,16385,60,120,1,1,0,0,0,0,150,1.5,0,14,200,16385,0,10,2.5,16385,0,SPXUSD,16385,14,100,0,15,1,0,1.5,14,1,50,1,0,1,2,1,2,0,100,50,0,abtg_news.csv,3,30,30,0,,1,0,0,1,0,1.5,20,770101,0,1
52,-10003.91,-23.26491,0.66559,-0.73911,-5.00000,13.1908,430,25,100,200,8,0,17,30,1,1,0,0,16385,60,120,1,1,0,0,0,0,150,1.5,0,14,200,16385,0,10,2.5,16385,0,SPXUSD,16385,14,100,0,15,1,0,1.5,14,1,50,1,0,1,2,1,2,0,100,50,0,abtg_news.csv,3,30,30,0,,1,0,0,1,0,1.5,20,770101,0,1
