#AVVIO v1.05 | modalita' AUDIO | E35EUR PERIOD_H1 | 1 u = 1.00 (AUTO_CLASSE indice/CFD: 1,0 punto) | 1 pip = 0.01 | magic 778601 | linee ST25 ST30 ST35  | ADX ACCESO, iADX MetaQuotes, max 20.0, periodo 14 | ingresso SCALA3_PENDENTI | rischio setup 0.25% (SEGNAPOSTO DA FIRMARE DA CLAUDIO) | guardian ON (nel tester FAIL-OPEN) | solo conta SI | placebo 0.00 ATR | fonte SOLO AUDIO (PDF escluso 07/10)
#cfg;InpTF;PERIOD_H1;A MANO [FONTE A-R8 / P-p05]
#cfg;InpDirezione;NC_DIR_ENTRAMBI;[FONTE: direzione mai dichiarata, A-R26]
#cfg;Supertrend;ATR 10, mult 2.50 / 3.00 / 3.50, HL2;[FONTE A-R2 i mult; ATR [NOSTRA] dal 07/10] calcolo SW_STCore [CASA]
#cfg;Linee;ST25 si, ST30 si, ST35 si, EMA200 no;DA_MODALITA [FONTE A-R11/13/14/20, P-p11]
#cfg;TocchiMax;1 / 1 / 2 / EMA 0 (0 = illimitato);DA_MODALITA [FONTE A-R11/R13/R14]
#cfg;EmaLenta;200 EMA su close;[FONTE] periodo; close [NOSTRA]
#cfg;ToccoDef;NC_TOCCO_RAGGIUNGE (sfiora 0.10 ATR);[FONTE] RAGGIUNGE, [NOSTRA] SFIORA
#cfg;ResetConteggio;NC_RESET_AL_FLIP (distacco 1.00 ATR);[NOSTRA] C6
#cfg;ChiudeVicinoAtr;0.00 (0 = spento);DA_MODALITA [FONTE P-p14] tolleranza [NOSTRA]
#cfg;ConfermaApertura;no;DA_MODALITA [FONTE P-p06]
#cfg;TimingTocco;NC_TIMING_IGNORA;[FONTE P-p14 vs p25: contraddizione]
#cfg;ADX;ACCESO, max 20.0, periodo 14, ambito NC_ADX_SOLO_ST35, tipo NC_ADX_MT5;DA_MODALITA [FONTE A-R12] periodo/tipo [NOSTRA]
#cfg;Inclinazione;ACCESA, N 20, soglia 0.000 ATR, verso NC_INCL_QUALSIASI;DA_MODALITA [FONTE A-R19] misura [NOSTRA]
#cfg;Confluenza;1 (0 spenta, 1 solo etichetta, 2 obbligatoria), tolleranza 0.50 ATR;DA_MODALITA [FONTE A-R16 / P-p21] tolleranza [NOSTRA]
#cfg;MaxSpreadPunti;0 (0 = spento);[CASA]
#cfg;Unita;1.00 AUTO_CLASSE indice/CFD: 1,0 punto;[NOSTRA] U1
#cfg;Ingresso;SCALA3_PENDENTI;DA_MODALITA [FONTE A-R21 / P-p17]
#cfg;Scala;anticipo 5.00 u, oltre 5.00 u;[FONTE] numeri, [NOSTRA] normalizzazione
#cfg;PDF secondo ordine;20.00 u, lontana NC_LONTANA_SALTA (0.50 ATR), scadenza 1 barre;[FONTE P-p17] / [NOSTRA]
#cfg;MaxSetupAperti;1;[NOSTRA] E7
#cfg;RischioSetupPct;0.250 (tetto 0.250);SEGNAPOSTO DA FIRMARE DA CLAUDIO (nessuna fonte)
#cfg;PesiScala;NC_PESI_1_1_1;BANDIERA B1 (default spenta)
#cfg;PesiPdf;NC_PESI_1_1;BANDIERA 2/3 PDF (default spenta)
#cfg;MoltConfluenza;1.00;BANDIERA B3 (1,0 = spenta)
#cfg;SL;criterio 0 (0 ordine profondo, 1 estremo recente, 2 linea), buffer 5.00 u, estremo su 3 barre;DA_MODALITA [FONTE P-p17/p21] / [NOSTRA] audio
#cfg;TP;criterio 0 (0 dalla linea, 1 dal riempimento, 2 EMA14/EMA89), distanza 10.00 u, R/R min 0.00;DA_MODALITA [FONTE A-R22 / P-p17]
#cfg;TP1;parziale 0.0%, pareggio no;DA_MODALITA [FONTE P-p17 'posso']
#cfg;DurataMaxMin;0 (0 = spenta);[FONTE A-R24: osservazione, non regola]
#cfg;Costo;commissione 0.00 in prezzo, cancello 40.0x (SOLO diagnostica);[CASA] cancello del costo
#cfg;Scadenza server pendenti;si;[CASA]
tipo;barra;linea;lato;tocco_n;nuovo_ep;troncato;ctx_arm;ctx_tocco;vicino_ok;conferma_ok;dist_apertura_atr;adx;incl_atr;confl_dist_atr;confl_etichetta;ema9;ema21;bb_larg;atr14;linea_prezzo;ingresso;n_ordini;p1;p2;p3;sl;tp1;tp2;tp3;lotto1;lotto2;lotto3;spread;commissione;stop_ped1;stop_ped2;stop_ped3;rischio_soldi;n_riempiti;esito_soldi;esito_R;durata_min;motivo
CONTA;2024.11.11 09:00;ST30;-1;1;1;0;0;0;1;1;0.071;19.12;-0.972;2.346;0;11573.34;11576.88;110.64;39.22;11649.98;SCALA3;0;11644.98;11649.98;11654.98;11659.98;11639.98;11639.98;11639.98;0;0;0;4.40;0.00;3.4;2.3;1.1;0;0;0;0;0;SOLO_CONTA
CONTA;2024.11.11 10:00;ST30;-1;1;0;0;0;0;1;1;0.242;19.78;-0.920;2.273;0;11586.83;11582.69;124.76;40.04;11649.98;SCALA3;0;11644.98;11649.98;11654.98;11659.98;11639.98;11639.98;11639.98;0;0;0;4.40;0.00;3.4;2.3;1.1;0;0;0;0;0;SOLO_CONTA
CONTA;2024.11.11 11:00;ST30;-1;1;0;0;0;0;1;1;0.287;22.00;-0.874;2.209;0;11596.83;11587.61;133.71;40.74;11649.98;SCALA3;0;11644.98;11649.98;11654.98;11659.98;11639.98;11639.98;11639.98;0;0;0;4.40;0.00;3.4;2.3;1.1;0;0;0;0;0;SOLO_CONTA
CONTA;2024.11.11 19:00;ST25;1;1;1;0;0;0;1;0;3.252;22.83;-1.059;5.618;0;11595.51;11594.24;137.81;29.21;11565.38;SCALA3;0;11570.38;11565.38;11560.38;11555.38;11575.38;11575.38;11575.38;0;0;0;4.40;0.00;3.4;2.3;1.1;0;0;0;0;0;SOLO_CONTA
CONTA;2024.11.14 13:00;ST30;-1;2;1;0;0;0;1;1;0.306;32.15;-1.487;5.030;0;11408.64;11418.68;133.76;39.71;11455.57;SCALA3;0;11450.57;11455.57;11460.57;11465.57;11445.57;11445.57;11445.57;0;0;0;4.40;0.00;3.4;2.3;1.1;0;0;0;0;0;SOLO_CONTA
CONTA;2024.11.20 16:00;ST25;1;1;1;0;0;0;1;1;0.901;24.30;-0.197;1.359;0;11610.40;11599.34;288.85;55.73;11556.17;SCALA3;0;11561.17;11556.17;11551.17;11546.17;11566.17;11566.17;11566.17;0;0;0;4.40;0.00;3.4;2.3;1.1;0;0;0;0;0;SOLO_CONTA
CONTA;2024.11.21 09:00;ST25;1;2;1;0;0;0;1;1;0.625;28.35;-0.204;1.591;0;11601.53;11598.38;264.03;46.75;11556.17;SCALA3;0;11561.17;11556.17;11551.17;11546.17;11566.17;11566.17;11566.17;0;0;0;4.40;0.00;3.4;2.3;1.1;0;0;0;0;0;SOLO_CONTA
CONTA;2024.11.21 10:00;ST25;1;2;0;0;0;0;1;1;0.248;31.94;-0.172;1.448;0;11595.08;11595.74;252.55;50.94;11556.17;SCALA3;0;11561.17;11556.17;11551.17;11546.17;11566.17;11566.17;11566.17;0;0;0;4.40;0.00;3.4;2.3;1.1;0;0;0;0;0;SOLO_CONTA
CONTA;2024.11.21 10:00;ST30;1;1;1;0;0;0;1;1;0.786;31.94;-0.172;1.986;0;11595.08;11595.74;252.55;50.94;11528.74;SCALA3;0;11533.74;11528.74;11523.74;11518.74;11538.74;11538.74;11538.74;0;0;0;4.40;0.00;3.4;2.3;1.1;0;0;0;0;0;SOLO_CONTA
CONTA;2024.11.21 11:00;ST25;1;2;0;0;0;0;1;1;0.117;35.06;-0.155;1.390;0;11588.62;11592.74;243.37;52.56;11556.17;SCALA3;0;11561.17;11556.17;11551.17;11546.17;11566.17;11566.17;11566.17;0;0;0;4.40;0.00;3.4;2.3;1.1;0;0;0;0;0;SOLO_CONTA
CONTA;2024.11.21 15:00;ST25;1;3;1;0;0;0;1;1;0.441;26.50;-0.094;1.471;0;11588.03;11591.54;148.51;48.63;11556.17;SCALA3;0;11561.17;11556.17;11551.17;11546.17;11566.17;11566.17;11566.17;0;0;0;4.40;0.00;3.4;2.3;1.1;0;0;0;0;0;SOLO_CONTA
CONTA;2024.11.21 16:00;ST25;1;3;0;0;0;0;1;1;1.058;25.24;-0.084;1.418;0;11592.20;11593.12;146.05;50.31;11556.17;SCALA3;0;11561.17;11556.17;11551.17;11546.17;11566.17;11566.17;11566.17;0;0;0;4.40;0.00;3.4;2.3;1.1;0;0;0;0;0;SOLO_CONTA
CONTA;2024.11.22 10:00;ST25;1;4;1;0;0;0;1;1;0.540;20.27;-0.117;1.414;0;11607.08;11601.67;93.50;50.09;11556.17;SCALA3;0;11561.17;11556.17;11551.17;11546.17;11566.17;11566.17;11566.17;0;0;0;4.40;0.00;3.4;2.3;1.1;0;0;0;0;0;SOLO_CONTA
CONTA;2024.11.22 10:00;ST30;1;2;1;0;0;0;1;1;1.055;20.27;-0.117;1.929;0;11607.08;11601.67;93.50;50.09;11530.38;SCALA3;0;11535.38;11530.38;11525.38;11520.38;11540.38;11540.38;11540.38;0;0;0;4.40;0.00;3.4;2.3;1.1;0;0;0;0;0;SOLO_CONTA
CONTA;2024.11.22 11:00;ST25;1;4;0;0;0;0;1;1;0.493;18.26;-0.119;1.314;0;11602.48;11600.07;85.25;53.56;11556.17;SCALA3;0;11561.17;11556.17;11551.17;11546.17;11566.17;11566.17;11566.17;0;0;0;4.40;0.00;3.4;2.3;1.1;0;0;0;0;0;SOLO_CONTA
CONTA;2024.11.22 12:00;ST25;1;4;0;0;0;0;1;1;0.267;16.52;-0.136;1.380;0;11596.13;11597.40;84.41;50.61;11556.17;SCALA3;0;11561.17;11556.17;11551.17;11546.17;11566.17;11566.17;11566.17;0;0;0;4.40;0.00;3.4;2.3;1.1;0;0;0;0;0;SOLO_CONTA
CONTA;2024.11.29 09:00;ST35;1;1;1;0;0;0;1;1;0.147;17.37;-0.259;3.381;0;11591.10;11597.52;134.82;28.24;11528.85;SCALA3;0;11533.85;11528.85;11523.85;11518.85;11538.85;11538.85;11538.85;0;0;0;4.40;0.00;3.4;2.3;1.1;0;0;0;0;0;SOLO_CONTA
CONTA;2024.11.29 17:00;ST30;-1;1;1;0;0;0;1;0;0.004;18.58;-0.126;0.373;1;11593.97;11593.54;117.27;38.19;11635.74;SCALA3;0;11630.74;11635.74;11640.74;11645.74;11625.74;11625.74;11625.74;0;0;0;4.40;0.00;3.4;2.3;1.1;0;0;0;0;0;SOLO_CONTA
CONTA;2024.12.02 16:00;ST25;1;1;1;0;0;0;1;1;0.825;25.76;0.065;0.510;0;11691.19;11658.72;264.03;46.65;11652.33;SCALA3;0;11657.33;11652.33;11647.33;11642.33;11662.33;11662.33;11662.33;0;0;0;4.40;0.00;3.4;2.3;1.1;0;0;0;0;0;SOLO_CONTA
CONTA;2024.12.06 17:00;ST25;1;2;1;0;0;0;1;1;0.144;22.30;2.419;9.668;0;12095.21;12068.63;119.35;30.94;12058.15;SCALA3;0;12063.15;12058.15;12053.15;12048.15;12068.15;12068.15;12068.15;0;0;0;4.40;0.00;3.4;2.3;1.1;0;0;0;0;0;SOLO_CONTA
CONTA;2024.12.09 11:00;ST30;1;1;1;0;0;0;1;1;0.357;24.54;2.255;8.508;0;12073.30;12066.49;116.57;31.65;12043.10;SCALA3;0;12048.10;12043.10;12038.10;12033.10;12053.10;12053.10;12053.10;0;0;0;4.40;0.00;3.4;2.3;1.1;0;0;0;0;0;SOLO_CONTA
CONTA;2024.12.13 09:00;ST25;-1;1;1;0;0;0;1;1;0.358;26.87;-0.125;0.834;0;11786.96;11813.59;87.72;32.47;11837.53;SCALA3;0;11832.53;11837.53;11842.53;11847.53;11827.53;11827.53;11827.53;0;0;0;4.40;0.00;3.4;2.3;1.1;0;0;0;0;0;SOLO_CONTA
CONTA;2024.12.13 09:00;ST30;-1;1;1;0;0;0;1;1;0.794;26.87;-0.125;1.270;0;11786.96;11813.59;87.72;32.47;11851.68;SCALA3;0;11846.68;11851.68;11856.68;11861.68;11841.68;11841.68;11841.68;0;0;0;4.40;0.00;3.4;2.3;1.1;0;0;0;0;0;SOLO_CONTA
CONTA;2024.12.13 10:00;ST25;-1;1;0;0;0;0;1;1;0.563;25.45;-0.119;0.795;0;11793.45;11814.12;86.32;33.97;11837.53;SCALA3;0;11832.53;11837.53;11842.53;11847.53;11827.53;11827.53;11827.53;0;0;0;4.40;0.00;3.4;2.3;1.1;0;0;0;0;0;SOLO_CONTA
CONTA;2024.12.20 17:00;ST35;-1;1;1;0;9;9;1;1;0.054;26.19;-1.342;4.604;0;11413.79;11443.03;191.62;48.06;11482.88;SCALA3;0;11477.88;11482.88;11487.88;11492.88;11472.88;11472.88;11472.88;0;0;0;4.40;0.00;3.4;2.3;1.1;0;0;0;0;0;SOLO_CONTA
CONTA;2025.01.02 14:00;ST25;-1;1;1;0;0;0;1;0;0.016;24.50;-0.437;1.169;0;11547.51;11541.17;123.78;38.29;11582.00;SCALA3;0;11577.00;11582.00;11587.00;11592.00;11572.00;11572.00;11572.00;0;0;0;4.40;0.00;3.4;2.3;1.1;0;0;0;0;0;SOLO_CONTA
CONTA;2025.01.02 15:00;ST35;-1;1;1;0;9;9;1;1;0.215;27.88;-0.405;0.169;1;11560.37;11547.59;134.12;39.78;11619.86;SCALA3;0;11614.86;11619.86;11624.86;11629.86;11609.86;11609.86;11609.86;0;0;0;4.40;0.00;3.4;2.3;1.1;0;0;0;0;0;SOLO_CONTA
CONTA;2025.01.08 12:00;ST25;1;1;1;0;0;0;1;1;0.458;16.20;0.712;1.989;0;11816.99;11793.25;124.12;44.73;11755.90;SCALA3;0;11760.90;11755.90;11750.90;11745.90;11765.90;11765.90;11765.90;0;0;0;4.40;0.00;3.4;2.3;1.1;0;0;0;0;0;SOLO_CONTA
CONTA;2025.01.08 12:00;ST30;1;1;1;0;0;0;1;1;0.861;16.20;0.712;1.586;0;11816.99;11793.25;124.12;44.73;11737.88;SCALA3;0;11742.88;11737.88;11732.88;11727.88;11747.88;11747.88;11747.88;0;0;0;4.40;0.00;3.4;2.3;1.1;0;0;0;0;0;SOLO_CONTA
CONTA;2025.01.08 12:00;ST35;1;1;1;0;0;0;1;1;1.264;16.20;0.712;1.183;0;11816.99;11793.25;124.12;44.73;11719.86;SCALA3;0;11724.86;11719.86;11714.86;11709.86;11729.86;11729.86;11729.86;0;0;0;4.40;0.00;3.4;2.3;1.1;0;0;0;0;0;SOLO_CONTA
CONTA;2025.01.09 14:00;ST30;-1;1;1;0;0;0;1;1;0.070;40.87;0.575;4.262;0;11840.64;11813.62;185.05;48.61;11891.08;SCALA3;0;11886.08;11891.08;11896.08;11901.08;11881.08;11881.08;11881.08;0;0;0;4.40;0.00;3.4;2.3;1.1;0;0;0;0;0;SOLO_CONTA
CONTA;2025.01.14 09:00;ST25;-1;1;1;0;0;0;1;1;0.047;24.46;0.049;1.766;0;11715.64;11725.77;178.28;44.44;11778.20;SCALA3;0;11773.20;11778.20;11783.20;11788.20;11768.20;11768.20;11768.20;0;0;0;4.40;0.00;3.4;2.3;1.1;0;0;0;0;0;SOLO_CONTA
CONTA;2025.01.14 10:00;ST25;-1;1;0;0;0;0;1;1;0.798;27.43;0.037;1.680;0;11720.83;11727.21;167.71;46.47;11778.20;SCALA3;0;11773.20;11778.20;11783.20;11788.20;11768.20;11768.20;11768.20;0;0;0;4.40;0.00;3.4;2.3;1.1;0;0;0;0;0;SOLO_CONTA
CONTA;2025.01.14 19:00;ST25;-1;2;1;0;0;0;1;0;0.142;27.02;0.104;1.902;0;11747.51;11740.12;160.13;38.84;11778.20;SCALA3;0;11773.20;11778.20;11783.20;11788.20;11768.20;11768.20;11768.20;0;0;0;4.40;0.00;3.4;2.3;1.1;0;0;0;0;0;SOLO_CONTA
CONTA;2025.01.15 09:00;ST25;-1;2;0;0;0;0;1;1;0.142;30.42;0.128;1.824;0;11752.61;11743.11;155.34;40.14;11778.20;SCALA3;0;11773.20;11778.20;11783.20;11788.20;11768.20;11768.20;11768.20;0;0;0;4.40;0.00;3.4;2.3;1.1;0;0;0;0;0;SOLO_CONTA
CONTA;2025.01.15 10:00;ST25;-1;2;0;0;0;0;1;1;0.031;33.37;0.166;1.872;0;11757.59;11746.24;141.00;38.72;11778.20;SCALA3;0;11773.20;11778.20;11783.20;11788.20;11768.20;11768.20;11768.20;0;0;0;4.40;0.00;3.4;2.3;1.1;0;0;0;0;0;SOLO_CONTA
CONTA;2025.01.16 14:00;ST25;1;1;1;0;0;0;1;1;0.381;52.61;0.706;2.767;0;11860.13;11838.82;221.52;35.96;11827.80;SCALA3;0;11832.80;11827.80;11822.80;11817.80;11837.80;11837.80;11837.80;0;0;0;4.40;0.00;3.4;2.3;1.1;0;0;0;0;0;SOLO_CONTA
CONTA;2025.01.17 10:00;ST30;-1;1;1;0;0;0;1;1;0.642;28.45;0.700;4.727;0;11865.94;11849.15;132.28;41.24;11931.77;SCALA3;0;11926.77;11931.77;11936.77;11941.77;11921.77;11921.77;11921.77;0;0;0;4.40;0.00;3.4;2.3;1.1;0;0;0;0;0;SOLO_CONTA
CONTA;2025.01.17 12:00;ST30;-1;2;1;0;0;0;1;1;0.804;27.34;0.780;5.015;0;11882.81;11860.34;134.33;38.16;11931.77;SCALA3;0;11926.77;11931.77;11936.77;11941.77;11921.77;11921.77;11921.77;0;0;0;4.40;0.00;3.4;2.3;1.1;0;0;0;0;0;SOLO_CONTA
CONTA;2025.01.20 09:00;ST30;-1;3;1;0;0;0;1;1;0.096;26.17;0.970;5.959;0;11909.25;11888.76;152.13;29.89;11931.77;SCALA3;0;11926.77;11931.77;11936.77;11941.77;11921.77;11921.77;11921.77;0;0;0;4.40;0.00;3.4;2.3;1.1;0;0;0;0;0;SOLO_CONTA
CONTA;2025.01.20 10:00;ST30;-1;3;0;0;0;0;1;1;0.346;28.38;0.951;5.724;0;11911.52;11891.66;153.70;30.83;11931.77;SCALA3;0;11926.77;11931.77;11936.77;11941.77;11921.77;11921.77;11921.77;0;0;0;4.40;0.00;3.4;2.3;1.1;0;0;0;0;0;SOLO_CONTA
CONTA;2025.01.20 18:00;ST25;1;1;1;0;0;0;1;1;1.040;24.89;1.222;4.939;0;11939.21;11919.12;86.95;28.18;11908.80;SCALA3;0;11913.80;11908.80;11903.80;11898.80;11918.80;11918.80;11918.80;0;0;0;4.40;0.00;3.4;2.3;1.1;0;0;0;0;0;SOLO_CONTA
CONTA;2025.01.23 15:00;ST25;-1;1;1;0;0;0;1;1;0.556;20.35;0.710;4.172;0;11919.00;11913.46;103.60;33.81;11946.80;SCALA3;0;11941.80;11946.80;11951.80;11956.80;11936.80;11936.80;11936.80;0;0;0;4.40;0.00;3.4;2.3;1.1;0;0;0;0;0;SOLO_CONTA
CONTA;2025.01.24 13:00;ST30;1;1;1;0;0;0;1;1;0.556;25.60;0.844;3.560;0;11966.78;11952.27;189.43;32.22;11935.88;SCALA3;0;11940.88;11935.88;11930.88;11925.88;11945.88;11945.88;11945.88;0;0;0;4.40;0.00;3.4;2.3;1.1;0;0;0;0;0;SOLO_CONTA
CONTA;2025.01.27 09:00;ST30;1;2;1;0;0;0;1;1;1.040;16.55;0.943;3.311;0;11964.79;11957.78;120.42;31.74;11935.88;SCALA3;0;11940.88;11935.88;11930.88;11925.88;11945.88;11945.88;11945.88;0;0;0;4.40;0.00;3.4;2.3;1.1;0;0;0;0;0;SOLO_CONTA
CONTA;2025.01.27 09:00;ST35;1;1;1;0;0;0;1;1;1.530;16.55;0.943;2.821;0;11964.79;11957.78;120.42;31.74;11920.34;SCALA3;0;11925.34;11920.34;11915.34;11910.34;11930.34;11930.34;11930.34;0;0;0;4.40;0.00;3.4;2.3;1.1;0;0;0;0;0;SOLO_CONTA
CONTA;2025.01.27 10:00;ST30;1;2;0;0;0;0;1;1;1.209;16.76;0.882;3.019;0;11967.12;11959.47;109.77;34.34;11935.88;SCALA3;0;11940.88;11935.88;11930.88;11925.88;11945.88;11945.88;11945.88;0;0;0;4.40;0.00;3.4;2.3;1.1;0;0;0;0;0;SOLO_CONTA
CONTA;2025.01.27 16:00;ST25;-1;1;1;0;0;0;1;1;0.124;21.40;0.895;5.298;0;11990.33;11974.58;94.36;33.54;12019.15;SCALA3;0;12014.15;12019.15;12024.15;12029.15;12009.15;12009.15;12009.15;0;0;0;4.40;0.00;3.4;2.3;1.1;0;0;0;0;0;SOLO_CONTA
CONTA;2025.01.27 17:00;ST25;-1;1;0;0;0;0;1;1;0.471;20.59;0.874;5.196;0;11993.10;11977.27;91.38;33.89;12019.15;SCALA3;0;12014.15;12019.15;12024.15;12029.15;12009.15;12009.15;12009.15;0;0;0;4.40;0.00;3.4;2.3;1.1;0;0;0;0;0;SOLO_CONTA
CONTA;2025.02.13 19:00;ST25;1;1;1;0;0;0;1;1;1.400;29.88;3.229;13.168;0;12917.47;12895.06;115.67;32.81;12869.27;SCALA3;0;12874.27;12869.27;12864.27;12859.27;12879.27;12879.27;12879.27;0;0;0;4.40;0.00;3.4;2.3;1.1;0;0;0;0;0;SOLO_CONTA
CONTA;2025.02.20 09:00;ST25;-1;1;1;0;0;0;1;1;0.217;52.74;1.826;7.562;0;12962.74;12999.83;344.43;47.12;13002.52;SCALA3;0;12997.52;13002.52;13007.52;13012.52;12992.52;12992.52;12992.52;0;0;0;4.40;0.00;3.4;2.3;1.1;0;0;0;0;0;SOLO_CONTA
CONTA;2025.02.20 14:00;ST30;-1;1;1;0;0;0;1;1;0.535;35.10;1.847;8.639;0;12993.25;13003.04;301.97;41.67;13023.88;SCALA3;0;13018.88;13023.88;13028.88;13033.88;13013.88;13013.88;13013.88;0;0;0;4.40;0.00;3.4;2.3;1.1;0;0;0;0;0;SOLO_CONTA
CONTA;2025.02.24 09:00;ST25;-1;1;1;0;0;0;1;1;0.531;21.98;1.218;6.552;0;12937.58;12952.11;132.44;44.47;12998.92;SCALA3;0;12993.92;12998.92;13003.92;13008.92;12988.92;12988.92;12988.92;0;0;0;4.40;0.00;3.4;2.3;1.1;0;0;0;0;0;SOLO_CONTA
CONTA;2025.02.24 10:00;ST30;-1;2;1;0;0;0;1;1;0.100;20.32;1.162;6.652;0;12952.43;12957.53;136.63;46.28;13018.41;SCALA3;0;13013.41;13018.41;13023.41;13028.41;13008.41;13008.41;13008.41;0;0;0;4.40;0.00;3.4;2.3;1.1;0;0;0;0;0;SOLO_CONTA
CONTA;2025.02.24 12:00;ST35;-1;1;1;0;0;9;1;1;0.339;20.93;1.202;7.300;0;12977.74;12968.82;143.24;43.99;13037.90;SCALA3;0;13032.90;13037.90;13042.90;13047.90;13027.90;13027.90;13027.90;0;0;0;4.40;0.00;3.4;2.3;1.1;0;0;0;0;0;SOLO_CONTA
CONTA;2025.02.24 14:00;ST35;-1;2;1;0;0;0;1;1;0.108;19.75;1.331;7.913;0;12995.54;12978.86;166.96;39.81;13037.90;SCALA3;0;13032.90;13037.90;13042.90;13047.90;13027.90;13027.90;13027.90;0;0;0;4.40;0.00;3.4;2.3;1.1;0;0;0;0;0;SOLO_CONTA
CONTA;2025.02.24 15:00;ST35;-1;2;0;0;0;0;1;1;2.111;17.30;1.174;7.004;0;12985.05;12975.61;167.27;44.66;13037.90;SCALA3;0;13032.90;13037.90;13042.90;13047.90;13027.90;13027.90;13027.90;0;0;0;4.40;0.00;3.4;2.3;1.1;0;0;0;0;0;SOLO_CONTA
CONTA;2025.02.24 16:00;ST25;1;1;1;0;0;0;1;1;1.076;15.73;1.099;4.184;0;12983.18;12975.61;167.79;47.36;12925.75;SCALA3;0;12930.75;12925.75;12920.75;12915.75;12935.75;12935.75;12935.75;0;0;0;4.40;0.00;3.4;2.3;1.1;0;0;0;0;0;SOLO_CONTA
CONTA;2025.02.27 09:00;ST25;1;2;1;0;0;0;1;1;0.791;44.13;2.021;9.136;0;13261.22;13210.55;244.14;42.81;13223.73;SCALA3;0;13228.73;13223.73;13218.73;13213.73;13233.73;13233.73;13233.73;0;0;0;4.40;0.00;3.4;2.3;1.1;0;0;0;0;0;SOLO_CONTA
CONTA;2025.02.27 09:00;ST30;1;1;1;0;0;0;1;1;1.253;44.13;2.021;8.674;0;13261.22;13210.55;244.14;42.81;13203.95;SCALA3;0;13208.95;13203.95;13198.95;13193.95;13213.95;13213.95;13213.95;0;0;0;4.40;0.00;3.4;2.3;1.1;0;0;0;0;0;SOLO_CONTA
CONTA;2025.02.27 14:00;ST25;1;3;1;0;0;0;1;1;0.156;30.37;1.975;8.260;0;13267.52;13234.91;200.70;44.73;13223.73;SCALA3;0;13228.73;13223.73;13218.73;13213.73;13233.73;13233.73;13233.73;0;0;0;4.40;0.00;3.4;2.3;1.1;0;0;0;0;0;SOLO_CONTA
CONTA;2025.02.27 16:00;ST35;1;1;1;0;9;9;1;1;1.121;27.20;1.781;6.528;0;13251.17;13232.46;156.92;49.43;13184.17;SCALA3;0;13189.17;13184.17;13179.17;13174.17;13194.17;13194.17;13194.17;0;0;0;4.40;0.00;3.4;2.3;1.1;0;0;0;0;0;SOLO_CONTA
CONTA;2025.02.28 17:00;ST30;-1;1;1;0;0;0;1;1;0.087;19.57;1.921;10.386;0;13300.07;13272.69;138.56;42.08;13346.15;SCALA3;0;13341.15;13346.15;13351.15;13356.15;13336.15;13336.15;13336.15;0;0;0;4.40;0.00;3.4;2.3;1.1;0;0;0;0;0;SOLO_CONTA
CONTA;2025.02.28 18:00;ST30;-1;1;0;0;0;0;1;1;1.605;19.22;1.840;9.943;0;13295.40;13273.05;137.74;43.59;13346.15;SCALA3;0;13341.15;13346.15;13351.15;13356.15;13336.15;13336.15;13336.15;0;0;0;4.40;0.00;3.4;2.3;1.1;0;0;0;0;0;SOLO_CONTA
CONTA;2025.03.03 09:00;ST25;1;1;1;0;0;0;1;1;0.297;16.33;1.531;6.113;0;13274.48;13266.76;140.55;50.61;13228.55;SCALA3;0;13233.55;13228.55;13223.55;13218.55;13238.55;13238.55;13238.55;0;0;0;4.40;0.00;3.4;2.3;1.1;0;0;0;0;0;SOLO_CONTA
CONTA;2025.03.03 09:00;ST30;-1;2;1;0;0;0;1;1;2.026;16.33;1.531;8.437;0;13274.48;13266.76;140.55;50.61;13346.15;SCALA3;0;13341.15;13346.15;13351.15;13356.15;13336.15;13336.15;13336.15;0;0;0;4.40;0.00;3.4;2.3;1.1;0;0;0;0;0;SOLO_CONTA
CONTA;2025.03.04 19:00;ST25;-1;1;1;0;0;0;1;0;0.509;38.13;0.756;3.286;0;13125.74;13179.55;603.93;70.49;13207.85;SCALA3;0;13202.85;13207.85;13212.85;13217.85;13197.85;13197.85;13197.85;0;0;0;4.40;0.00;3.4;2.3;1.1;0;0;0;0;0;SOLO_CONTA
CONTA;2025.03.05 09:00;ST30;-1;1;1;0;0;0;1;1;0.069;37.44;0.708;3.600;0;13148.26;13184.89;597.20;73.33;13242.85;SCALA3;0;13237.85;13242.85;13247.85;13252.85;13232.85;13232.85;13232.85;0;0;0;4.40;0.00;3.4;2.3;1.1;0;0;0;0;0;SOLO_CONTA
CONTA;2025.03.05 09:00;ST35;-1;1;1;0;9;9;1;1;0.546;37.44;0.708;4.078;0;13148.26;13184.89;597.20;73.33;13277.85;SCALA3;0;13272.85;13277.85;13282.85;13287.85;13267.85;13267.85;13267.85;0;0;0;4.40;0.00;3.4;2.3;1.1;0;0;0;0;0;SOLO_CONTA
CONTA;2025.03.07 16:00;ST25;-1;1;1;0;0;0;1;1;0.248;17.50;0.490;3.774;0;13199.76;13191.73;172.34;65.71;13282.63;SCALA3;0;13277.63;13282.63;13287.63;13292.63;13272.63;13272.63;13272.63;0;0;0;4.40;0.00;3.4;2.3;1.1;0;0;0;0;0;SOLO_CONTA
CONTA;2025.03.07 17:00;ST25;-1;1;0;0;0;0;1;1;0.591;20.82;0.488;3.793;0;13208.47;13196.42;162.79;64.84;13282.63;SCALA3;0;13277.63;13282.63;13287.63;13292.63;13272.63;13272.63;13272.63;0;0;0;4.40;0.00;3.4;2.3;1.1;0;0;0;0;0;SOLO_CONTA
CONTA;2025.03.07 18:00;ST25;-1;1;0;0;0;0;1;1;0.104;24.84;0.486;3.708;0;13221.64;13203.50;180.37;65.69;13282.63;SCALA3;0;13277.63;13282.63;13287.63;13292.63;13272.63;13272.63;13272.63;0;0;0;4.40;0.00;3.4;2.3;1.1;0;0;0;0;0;SOLO_CONTA
CONTA;2025.03.10 09:00;ST35;1;1;1;0;9;9;1;0;0.011;26.31;0.430;0.373;1;13207.01;13200.96;223.97;76.00;13070.52;SCALA3;0;13075.52;13070.52;13065.52;13060.52;13080.52;13080.52;13080.52;0;0;0;4.40;0.00;3.4;2.3;1.1;0;0;0;0;0;SOLO_CONTA
CONTA;2025.03.10 10:00;ST35;1;1;0;0;9;9;1;1;0.871;23.49;0.406;0.346;1;13193.03;13195.16;227.08;79.28;13070.52;SCALA3;0;13075.52;13070.52;13065.52;13060.52;13080.52;13080.52;13080.52;0;0;0;4.40;0.00;3.4;2.3;1.1;0;0;0;0;0;SOLO_CONTA
CONTA;2025.03.14 12:00;ST30;-1;1;1;0;0;0;1;1;0.095;27.97;-0.581;0.386;1;12891.45;12873.26;235.18;57.74;12970.39;SCALA3;0;12965.39;12970.39;12975.39;12980.39;12960.39;12960.39;12960.39;0;0;0;4.40;0.00;3.4;2.3;1.1;0;0;0;0;0;SOLO_CONTA
CONTA;2025.03.14 13:00;ST30;-1;1;0;0;0;0;1;1;0.231;31.47;-0.572;0.403;1;12904.82;12880.99;241.71;54.41;12970.39;SCALA3;0;12965.39;12970.39;12975.39;12980.39;12960.39;12960.39;12960.39;0;0;0;4.40;0.00;3.4;2.3;1.1;0;0;0;0;0;SOLO_CONTA
CONTA;2025.03.14 14:00;ST30;-1;1;0;0;0;0;1;1;0.139;31.85;-0.526;0.396;1;12916.72;12888.57;249.19;54.77;12970.39;SCALA3;0;12965.39;12970.39;12975.39;12980.39;12960.39;12960.39;12960.39;0;0;0;4.40;0.00;3.4;2.3;1.1;0;0;0;0;0;SOLO_CONTA
CONTA;2025.03.14 16:00;ST35;-1;1;1;0;9;9;1;1;0.199;34.31;-0.465;0.140;1;12941.70;12905.48;260.95;51.61;12999.17;SCALA3;0;12994.17;12999.17;13004.17;13009.17;12989.17;12989.17;12989.17;0;0;0;4.40;0.00;3.4;2.3;1.1;0;0;0;0;0;SOLO_CONTA
CONTA;2025.03.24 13:00;ST25;1;1;1;0;0;0;1;1;0.055;31.58;0.831;3.627;0;13363.98;13343.37;200.81;53.62;13324.88;SCALA3;0;13329.88;13324.88;13319.88;13314.88;13334.88;13334.88;13334.88;0;0;0;4.40;0.00;3.4;2.3;1.1;0;0;0;0;0;SOLO_CONTA
CONTA;2025.03.24 14:00;ST25;1;1;0;0;0;0;1;1;0.290;31.51;0.856;3.692;0;13359.38;13343.15;197.80;52.11;13324.88;SCALA3;0;13329.88;13324.88;13319.88;13314.88;13334.88;13334.88;13334.88;0;0;0;4.40;0.00;3.4;2.3;1.1;0;0;0;0;0;SOLO_CONTA
CONTA;2025.03.24 14:00;ST30;1;1;1;0;0;0;1;1;0.782;31.51;0.856;3.200;0;13359.38;13343.15;197.80;52.11;13299.24;SCALA3;0;13304.24;13299.24;13294.24;13289.24;13309.24;13309.24;13309.24;0;0;0;4.40;0.00;3.4;2.3;1.1;0;0;0;0;0;SOLO_CONTA
CONTA;2025.03.24 15:00;ST25;1;1;0;0;0;0;1;1;0.232;28.69;0.846;3.608;0;13354.62;13342.47;192.93;52.77;13324.88;SCALA3;0;13329.88;13324.88;13319.88;13314.88;13334.88;13334.88;13334.88;0;0;0;4.40;0.00;3.4;2.3;1.1;0;0;0;0;0;SOLO_CONTA
CONTA;2025.03.24 19:00;ST30;1;2;1;0;0;0;1;1;1.682;26.43;0.898;3.184;0;13328.34;13332.49;156.96;49.56;13299.24;SCALA3;0;13304.24;13299.24;13294.24;13289.24;13309.24;13309.24;13309.24;0;0;0;4.40;0.00;3.4;2.3;1.1;0;0;0;0;0;SOLO_CONTA
CONTA;2025.03.26 19:00;ST35;1;1;1;0;0;9;1;0;0.782;22.14;1.346;3.954;0;13420.69;13427.63;140.13;41.44;13367.00;SCALA3;0;13372.00;13367.00;13362.00;13357.00;13377.00;13377.00;13377.00;0;0;0;4.40;0.00;3.4;2.3;1.1;0;0;0;0;0;SOLO_CONTA
CONTA;2025.03.27 13:00;ST25;-1;1;1;0;0;0;1;1;0.063;19.49;1.052;4.687;0;13411.03;13418.26;162.83;46.81;13432.15;SCALA3;0;13427.15;13432.15;13437.15;13442.15;13422.15;13422.15;13422.15;0;0;0;4.40;0.00;3.4;2.3;1.1;0;0;0;0;0;SOLO_CONTA
CONTA;2025.03.27 14:00;ST25;-1;1;0;0;0;0;1;1;0.182;17.45;1.005;4.527;0;13413.70;13418.81;159.09;48.00;13432.15;SCALA3;0;13427.15;13432.15;13437.15;13442.15;13422.15;13422.15;13422.15;0;0;0;4.40;0.00;3.4;2.3;1.1;0;0;0;0;0;SOLO_CONTA
CONTA;2025.03.27 16:00;ST30;-1;1;1;0;0;0;1;1;0.443;16.93;0.938;4.777;0;13421.94;13421.95;143.60;49.41;13455.28;SCALA3;0;13450.28;13455.28;13460.28;13465.28;13445.28;13445.28;13445.28;0;0;0;4.40;0.00;3.4;2.3;1.1;0;0;0;0;0;SOLO_CONTA
CONTA;2025.04.01 08:00;ST25;-1;1;1;0;0;0;1;1;0.902;26.30;-0.084;0.068;1;13152.24;13204.18;395.40;58.11;13227.50;SCALA3;0;13222.50;13227.50;13232.50;13237.50;13217.50;13217.50;13217.50;0;0;0;4.40;0.00;3.4;2.3;1.1;0;0;0;0;0;SOLO_CONTA
CONTA;2025.04.03 08:00;ST30;1;1;1;0;0;0;1;1;0.017;23.40;0.186;0.436;1;13294.68;13281.76;153.85;62.69;13208.15;SCALA3;0;13213.15;13208.15;13203.15;13198.15;13218.15;13218.15;13218.15;0;0;0;4.40;0.00;3.4;2.3;1.1;0;0;0;0;0;SOLO_CONTA
CONTA;2025.04.03 08:00;ST35;1;1;1;0;9;9;1;1;0.401;23.40;0.186;0.821;0;13294.68;13281.76;153.85;62.69;13184.05;SCALA3;0;13189.05;13184.05;13179.05;13174.05;13194.05;13194.05;13194.05;0;0;0;4.40;0.00;3.4;2.3;1.1;0;0;0;0;0;SOLO_CONTA
CONTA;2025.04.03 09:00;ST30;1;1;0;0;0;0;1;1;1.032;22.39;0.186;0.431;1;13290.45;13281.01;143.96;64.29;13208.15;SCALA3;0;13213.15;13208.15;13203.15;13198.15;13218.15;13218.15;13218.15;0;0;0;4.40;0.00;3.4;2.3;1.1;0;0;0;0;0;SOLO_CONTA
CONTA;2025.04.07 15:00;ST25;-1;1;1;0;0;0;1;1;0.940;33.24;-0.626;2.769;0;11959.64;12249.37;1704.07;287.11;12256.78;SCALA3;0;12251.78;12256.78;12261.78;12266.78;12246.78;12246.78;12246.78;0;0;0;4.40;0.00;3.4;2.3;1.1;0;0;0;0;0;SOLO_CONTA
CONTA;2025.04.22 08:00;ST25;1;1;1;0;0;0;1;1;0.543;31.32;0.491;1.774;0;12929.61;12885.58;180.57;69.94;12866.33;SCALA3;0;12871.33;12866.33;12861.33;12856.33;12876.33;12876.33;12876.33;0;0;0;4.40;0.00;3.4;2.3;1.1;0;0;0;0;0;SOLO_CONTA
CONTA;2025.04.22 08:00;ST30;1;1;1;0;0;0;1;1;0.929;31.32;0.491;1.388;0;12929.61;12885.58;180.57;69.94;12839.33;SCALA3;0;12844.33;12839.33;12834.33;12829.33;12849.33;12849.33;12849.33;0;0;0;4.40;0.00;3.4;2.3;1.1;0;0;0;0;0;SOLO_CONTA
CONTA;2025.04.22 08:00;ST35;1;1;1;0;9;9;1;1;1.315;31.32;0.491;1.002;0;12929.61;12885.58;180.57;69.94;12812.34;SCALA3;0;12817.34;12812.34;12807.34;12802.34;12822.34;12822.34;12822.34;0;0;0;4.40;0.00;3.4;2.3;1.1;0;0;0;0;0;SOLO_CONTA
CONTA;2025.04.29 09:00;ST25;1;2;1;0;0;0;1;1;0.593;37.06;2.153;8.904;0;13429.42;13388.66;177.63;45.74;13369.08;SCALA3;0;13374.08;13369.08;13364.08;13359.08;13379.08;13379.08;13379.08;0;0;0;4.40;0.00;3.4;2.3;1.1;0;0;0;0;0;SOLO_CONTA
CONTA;2025.04.30 16:00;ST25;-1;1;1;0;0;0;1;1;0.174;27.18;0.831;3.837;0;13205.79;13257.02;422.46;70.07;13279.63;SCALA3;0;13274.63;13279.63;13284.63;13289.63;13269.63;13269.63;13269.63;0;0;0;4.40;0.00;3.4;2.3;1.1;0;0;0;0;0;SOLO_CONTA
CONTA;2025.05.06 09:00;ST25;1;1;1;0;0;0;1;1;0.336;48.95;2.657;12.404;0;13508.64;13465.54;212.16;30.45;13488.48;SCALA3;0;13493.48;13488.48;13483.48;13478.48;13498.48;13498.48;13498.48;0;0;0;4.40;0.00;3.4;2.3;1.1;0;0;0;0;0;SOLO_CONTA
CONTA;2025.05.06 10:00;ST30;1;1;1;0;0;0;1;0;0.007;42.96;2.268;10.051;0;13502.19;13466.53;176.23;35.89;13475.15;SCALA3;0;13480.15;13475.15;13470.15;13465.15;13485.15;13485.15;13485.15;0;0;0;4.40;0.00;3.4;2.3;1.1;0;0;0;0;0;SOLO_CONTA
CONTA;2025.05.06 10:00;ST35;1;1;1;0;9;9;1;1;0.364;42.96;2.268;9.679;0;13502.19;13466.53;176.23;35.89;13461.83;SCALA3;0;13466.83;13461.83;13456.83;13451.83;13471.83;13471.83;13471.83;0;0;0;4.40;0.00;3.4;2.3;1.1;0;0;0;0;0;SOLO_CONTA
CONTA;2025.05.06 11:00;ST30;1;1;0;0;0;0;1;1;0.753;38.06;2.299;10.041;0;13502.23;13469.79;157.08;35.54;13475.15;SCALA3;0;13480.15;13475.15;13470.15;13465.15;13485.15;13485.15;13485.15;0;0;0;4.40;0.00;3.4;2.3;1.1;0;0;0;0;0;SOLO_CONTA
CONTA;2025.05.06 11:00;ST35;1;1;0;0;9;9;1;1;1.128;38.06;2.299;9.666;0;13502.23;13469.79;157.08;35.54;13461.83;SCALA3;0;13466.83;13461.83;13456.83;13451.83;13471.83;13471.83;13471.83;0;0;0;4.40;0.00;3.4;2.3;1.1;0;0;0;0;0;SOLO_CONTA
CONTA;2025.05.06 15:00;ST25;-1;1;1;0;0;0;1;1;1.175;35.48;2.156;10.820;0;13508.86;13483.81;76.47;38.02;13545.17;SCALA3;0;13540.17;13545.17;13550.17;13555.17;13535.17;13535.17;13535.17;0;0;0;4.40;0.00;3.4;2.3;1.1;0;0;0;0;0;SOLO_CONTA
CONTA;2025.05.09 11:00;ST25;-1;2;1;0;0;0;1;1;0.234;12.76;1.455;7.998;0;13511.24;13493.67;111.60;40.51;13545.17;SCALA3;0;13540.17;13545.17;13550.17;13555.17;13535.17;13535.17;13535.17;0;0;0;4.40;0.00;3.4;2.3;1.1;0;0;0;0;0;SOLO_CONTA
CONTA;2025.05.09 12:00;ST25;-1;2;0;0;0;0;1;1;0.096;11.07;1.430;7.760;0;13517.13;13497.95;119.06;41.35;13545.17;SCALA3;0;13540.17;13545.17;13550.17;13555.17;13535.17;13535.17;13535.17;0;0;0;4.40;0.00;3.4;2.3;1.1;0;0;0;0;0;SOLO_CONTA
CONTA;2025.05.19 08:00;ST25;1;1;1;0;0;0;1;1;0.953;66.40;2.610;12.547;0;14047.65;13985.01;302.54;41.06;14018.08;SCALA3;0;14023.08;14018.08;14013.08;14008.08;14028.08;14028.08;14028.08;0;0;0;4.40;0.00;3.4;2.3;1.1;0;0;0;0;0;SOLO_CONTA
CONTA;2025.05.19 10:00;ST25;1;2;1;0;0;0;1;0;0.013;56.73;2.542;11.849;0;14039.94;13992.26;259.40;42.60;14018.08;SCALA3;0;14023.08;14018.08;14013.08;14008.08;14028.08;14028.08;14028.08;0;0;0;4.40;0.00;3.4;2.3;1.1;0;0;0;0;0;SOLO_CONTA
CONTA;2025.05.21 11:00;ST25;1;1;1;0;0;0;1;1;0.492;38.02;3.404;15.161;0;14306.38;14251.03;372.40;39.39;14259.43;SCALA3;0;14264.43;14259.43;14254.43;14249.43;14269.43;14269.43;14269.43;0;0;0;4.40;0.00;3.4;2.3;1.1;0;0;0;0;0;SOLO_CONTA
CONTA;2025.05.21 12:00;ST25;1;1;0;0;0;0;1;1;0.279;35.49;3.487;15.290;0;14299.44;14252.91;325.23;38.66;14259.43;SCALA3;0;14264.43;14259.43;14254.43;14249.43;14269.43;14269.43;14269.43;0;0;0;4.40;0.00;3.4;2.3;1.1;0;0;0;0;0;SOLO_CONTA
CONTA;2025.05.21 18:00;ST35;1;1;1;0;9;9;1;1;0.164;24.36;3.342;12.962;0;14291.77;14270.44;109.65;40.11;14224.84;SCALA3;0;14229.84;14224.84;14219.84;14214.84;14234.84;14234.84;14234.84;0;0;0;4.40;0.00;3.4;2.3;1.1;0;0;0;0;0;SOLO_CONTA
CONTA;2025.05.22 16:00;ST25;-1;1;1;0;0;0;1;1;0.091;24.50;2.584;12.183;0;14225.18;14233.00;239.38;43.23;14274.13;SCALA3;0;14269.13;14274.13;14279.13;14284.13;14264.13;14264.13;14264.13;0;0;0;4.40;0.00;3.4;2.3;1.1;0;0;0;0;0;SOLO_CONTA
CONTA;2025.05.22 17:00;ST25;-1;1;0;0;0;0;1;1;0.218;27.59;2.532;12.042;0;14232.78;14235.75;220.39;43.31;14274.13;SCALA3;0;14269.13;14274.13;14279.13;14284.13;14264.13;14264.13;14264.13;0;0;0;4.40;0.00;3.4;2.3;1.1;0;0;0;0;0;SOLO_CONTA
CONTA;2025.05.23 18:00;ST25;-1;1;1;0;0;0;1;0;1.673;24.69;1.061;4.393;0;14118.54;14162.32;429.81;78.05;14140.25;SCALA3;0;14135.25;14140.25;14145.25;14150.25;14130.25;14130.25;14130.25;0;0;0;4.40;0.00;3.4;2.3;1.1;0;0;0;0;0;SOLO_CONTA
CONTA;2025.05.27 13:00;ST30;1;1;1;0;0;0;1;1;0.412;24.84;2.045;7.921;0;14210.09;14210.26;207.35;37.59;14162.53;SCALA3;0;14167.53;14162.53;14157.53;14152.53;14172.53;14172.53;14172.53;0;0;0;4.40;0.00;3.4;2.3;1.1;0;0;0;0;0;SOLO_CONTA
CONTA;2025.05.28 10:00;ST30;1;2;1;0;0;0;1;1;0.172;21.22;1.607;5.988;0;14211.12;14213.57;115.97;45.18;14162.53;SCALA3;0;14167.53;14162.53;14157.53;14152.53;14172.53;14172.53;14172.53;0;0;0;4.40;0.00;3.4;2.3;1.1;0;0;0;0;0;SOLO_CONTA
CONTA;2025.05.28 10:00;ST35;1;1;1;0;0;9;1;1;0.580;21.22;1.607;5.579;0;14211.12;14213.57;115.97;45.18;14144.09;SCALA3;0;14149.09;14144.09;14139.09;14134.09;14154.09;14154.09;14154.09;0;0;0;4.40;0.00;3.4;2.3;1.1;0;0;0;0;0;SOLO_CONTA
CONTA;2025.05.30 11:00;ST25;-1;1;1;0;0;0;1;1;0.174;28.68;0.943;5.873;0;14157.07;14151.83;125.50;45.67;14210.45;SCALA3;0;14205.45;14210.45;14215.45;14220.45;14200.45;14200.45;14200.45;0;0;0;4.40;0.00;3.4;2.3;1.1;0;0;0;0;0;SOLO_CONTA
CONTA;2025.06.02 08:00;ST25;-1;2;1;0;0;0;1;1;1.828;17.91;0.803;4.924;0;14140.44;14147.01;121.83;51.29;14210.45;SCALA3;0;14205.45;14210.45;14215.45;14220.45;14200.45;14200.45;14200.45;0;0;0;4.40;0.00;3.4;2.3;1.1;0;0;0;0;0;SOLO_CONTA
CONTA;2025.06.02 16:00;ST25;-1;3;1;0;0;0;1;1;0.054;16.59;0.699;4.176;0;14155.22;14148.98;118.59;57.00;14210.45;SCALA3;0;14205.45;14210.45;14215.45;14220.45;14200.45;14200.45;14200.45;0;0;0;4.40;0.00;3.4;2.3;1.1;0;0;0;0;0;SOLO_CONTA
CONTA;2025.06.02 16:00;ST30;-1;1;1;0;0;0;1;1;0.395;16.59;0.699;4.518;0;14155.22;14148.98;118.59;57.00;14229.91;SCALA3;0;14224.91;14229.91;14234.91;14239.91;14219.91;14219.91;14219.91;0;0;0;4.40;0.00;3.4;2.3;1.1;0;0;0;0;0;SOLO_CONTA
CONTA;2025.06.02 17:00;ST25;-1;3;0;0;0;0;1;0;0.008;19.91;0.717;4.233;0;14166.26;14154.57;128.66;55.68;14210.45;SCALA3;0;14205.45;14210.45;14215.45;14220.45;14200.45;14200.45;14200.45;0;0;0;4.40;0.00;3.4;2.3;1.1;0;0;0;0;0;SOLO_CONTA
CONTA;2025.06.03 08:00;ST30;-1;2;1;0;0;0;1;1;1.625;23.79;0.645;4.148;0;14166.84;14157.34;136.66;60.57;14229.91;SCALA3;0;14224.91;14229.91;14234.91;14239.91;14219.91;14219.91;14219.91;0;0;0;4.40;0.00;3.4;2.3;1.1;0;0;0;0;0;SOLO_CONTA
CONTA;2025.06.03 08:00;ST35;-1;1;1;0;9;9;1;1;1.946;23.79;0.645;4.469;0;14166.84;14157.34;136.66;60.57;14249.37;SCALA3;0;14244.37;14249.37;14254.37;14259.37;14239.37;14239.37;14239.37;0;0;0;4.40;0.00;3.4;2.3;1.1;0;0;0;0;0;SOLO_CONTA
CONTA;2025.06.05 15:00;ST30;-1;3;1;0;0;0;1;1;0.049;13.83;0.484;3.754;0;14126.17;14118.85;107.23;45.79;14184.45;SCALA3;0;14179.45;14184.45;14189.45;14194.45;14174.45;14174.45;14174.45;0;0;0;4.40;0.00;3.4;2.3;1.1;0;0;0;0;0;SOLO_CONTA
CONTA;2025.06.06 08:00;ST35;-1;2;1;0;0;0;1;1;0.346;12.71;0.556;4.483;0;14159.08;14138.66;150.87;41.46;14205.03;SCALA3;0;14200.03;14205.03;14210.03;14215.03;14195.03;14195.03;14195.03;0;0;0;4.40;0.00;3.4;2.3;1.1;0;0;0;0;0;SOLO_CONTA
CONTA;2025.06.06 09:00;ST35;-1;2;0;0;0;0;1;1;0.103;13.09;0.552;4.272;0;14167.29;14144.25;164.46;43.08;14205.03;SCALA3;0;14200.03;14205.03;14210.03;14215.03;14195.03;14195.03;14195.03;0;0;0;4.40;0.00;3.4;2.3;1.1;0;0;0;0;0;SOLO_CONTA
CONTA;2025.06.12 15:00;ST30;-1;1;1;0;0;0;1;1;0.142;25.48;0.093;0.972;0;14074.66;14107.43;245.41;46.06;14127.64;SCALA3;0;14122.64;14127.64;14132.64;14137.64;14117.64;14117.64;14117.64;0;0;0;4.40;0.00;3.4;2.3;1.1;0;0;0;0;0;SOLO_CONTA
CONTA;2025.06.12 16:00;ST30;-1;1;0;0;0;0;1;1;0.964;25.48;0.062;0.958;0;14076.15;14105.13;223.45;46.74;14127.64;SCALA3;0;14122.64;14127.64;14132.64;14137.64;14117.64;14117.64;14117.64;0;0;0;4.40;0.00;3.4;2.3;1.1;0;0;0;0;0;SOLO_CONTA
CONTA;2025.06.16 09:00;ST30;-1;2;1;0;0;0;1;1;0.090;23.58;-0.311;0.060;1;13963.00;13981.47;384.68;65.95;14058.83;SCALA3;0;14053.83;14058.83;14063.83;14068.83;14048.83;14048.83;14048.83;0;0;0;4.40;0.00;3.4;2.3;1.1;0;0;0;0;0;SOLO_CONTA
CONTA;2025.06.16 10:00;ST30;-1;2;0;0;0;0;1;1;0.651;25.14;-0.297;0.050;1;13973.20;13984.42;383.99;68.69;14058.83;SCALA3;0;14053.83;14058.83;14063.83;14068.83;14048.83;14048.83;14048.83;0;0;0;4.40;0.00;3.4;2.3;1.1;0;0;0;0;0;SOLO_CONTA
CONTA;2025.06.23 08:00;ST25;1;1;1;0;0;0;1;1;1.812;31.27;-0.587;4.020;0;13864.32;13859.50;235.15;59.50;13754.38;SCALA3;0;13759.38;13754.38;13749.38;13744.38;13764.38;13764.38;13764.38;0;0;0;5.40;0.00;2.8;1.9;0.9;0;0;0;0;0;SOLO_CONTA
CONTA;2025.06.23 12:00;ST25;1;2;1;0;0;0;1;1;0.647;41.32;-0.586;4.133;0;13837.98;13848.06;228.30;56.28;13754.38;SCALA3;0;13759.38;13754.38;13749.38;13744.38;13764.38;13764.38;13764.38;0;0;0;5.40;0.00;2.8;1.9;0.9;0;0;0;0;0;SOLO_CONTA
CONTA;2025.06.27 10:00;ST25;-1;1;1;0;0;0;1;1;0.431;35.77;-0.636;1.019;0;13860.81;13860.76;122.05;39.86;13913.77;SCALA3;0;13908.77;13913.77;13918.77;13923.77;13903.77;13903.77;13903.77;0;0;0;5.40;0.00;2.8;1.9;0.9;0;0;0;0;0;SOLO_CONTA
CONTA;2025.06.27 13:00;ST30;-1;1;1;0;0;0;1;1;0.491;40.15;-0.648;0.537;0;13888.64;13874.80;165.50;34.94;13934.55;SCALA3;0;13929.55;13934.55;13939.55;13944.55;13924.55;13924.55;13924.55;0;0;0;5.40;0.00;2.8;1.9;0.9;0;0;0;0;0;SOLO_CONTA
CONTA;2025.06.27 15:00;ST30;-1;2;1;0;0;0;1;1;0.490;39.91;-0.573;0.514;0;13898.08;13881.73;171.15;35.00;13934.55;SCALA3;0;13929.55;13934.55;13939.55;13944.55;13924.55;13924.55;13924.55;0;0;0;5.40;0.00;2.8;1.9;0.9;0;0;0;0;0;SOLO_CONTA
CONTA;2025.06.27 15:00;ST35;-1;1;1;0;9;9;1;1;1.059;39.91;-0.573;0.055;1;13898.08;13881.73;171.15;35.00;13954.45;SCALA3;0;13949.45;13954.45;13959.45;13964.45;13944.45;13944.45;13944.45;0;0;0;5.40;0.00;2.8;1.9;0.9;0;0;0;0;0;SOLO_CONTA
CONTA;2025.06.30 10:00;ST25;1;1;1;0;0;0;1;1;0.015;33.90;-0.304;1.357;0;13928.53;13909.81;228.10;40.41;13897.60;SCALA3;0;13902.60;13897.60;13892.60;13887.60;13907.60;13907.60;13907.60;0;0;0;5.40;0.00;2.8;1.9;0.9;0;0;0;0;0;SOLO_CONTA
CONTA;2025.06.30 11:00;ST25;1;1;0;0;0;0;1;1;1.168;30.83;-0.274;1.405;0;13931.14;13912.70;211.07;38.94;13897.60;SCALA3;0;13902.60;13897.60;13892.60;13887.60;13907.60;13907.60;13907.60;0;0;0;5.40;0.00;2.8;1.9;0.9;0;0;0;0;0;SOLO_CONTA
CONTA;2025.07.02 13:00;ST25;1;2;1;0;0;0;1;1;0.715;25.65;0.282;0.766;0;14043.28;14014.00;152.38;40.31;13994.88;SCALA3;0;13999.88;13994.88;13989.88;13984.88;14004.88;14004.88;14004.88;0;0;0;5.40;0.00;2.8;1.9;0.9;0;0;0;0;0;SOLO_CONTA
CONTA;2025.07.02 14:00;ST25;1;2;0;0;0;0;1;1;0.017;22.61;0.266;0.716;0;14033.94;14012.41;151.00;42.73;13994.88;SCALA3;0;13999.88;13994.88;13989.88;13984.88;14004.88;14004.88;14004.88;0;0;0;5.40;0.00;2.8;1.9;0.9;0;0;0;0;0;SOLO_CONTA
CONTA;2025.07.02 15:00;ST25;1;2;0;0;0;0;1;1;0.863;19.62;0.263;0.673;0;14033.90;14014.35;150.07;44.42;13994.88;SCALA3;0;13999.88;13994.88;13989.88;13984.88;14004.88;14004.88;14004.88;0;0;0;5.40;0.00;2.8;1.9;0.9;0;0;0;0;0;SOLO_CONTA
CONTA;2025.07.07 15:00;ST30;-1;1;1;0;0;0;1;1;0.201;24.81;-0.018;1.586;0;13992.50;13993.50;233.15;41.04;14044.23;SCALA3;0;14039.23;14044.23;14049.23;14054.23;14034.23;14034.23;14034.23;0;0;0;5.40;0.00;2.8;1.9;0.9;0;0;0;0;0;SOLO_CONTA
CONTA;2025.07.07 16:00;ST35;-1;1;1;0;9;9;1;1;0.207;28.35;-0.050;2.047;0;14005.18;13999.17;149.00;41.04;14063.91;SCALA3;0;14058.91;14063.91;14068.91;14073.91;14053.91;14053.91;14053.91;0;0;0;5.40;0.00;2.8;1.9;0.9;0;0;0;0;0;SOLO_CONTA
CONTA;2025.07.10 08:00;ST30;1;1;1;0;0;0;1;1;0.007;51.72;0.768;3.482;0;14223.13;14175.06;298.36;44.87;14174.30;SCALA3;0;14179.30;14174.30;14169.30;14164.30;14184.30;14184.30;14184.30;0;0;0;5.40;0.00;2.8;1.9;0.9;0;0;0;0;0;SOLO_CONTA
CONTA;2025.07.14 17:00;ST30;-1;1;1;0;0;0;1;1;0.030;27.62;-0.173;0.604;0;14006.12;14018.47;139.74;37.14;14046.60;SCALA3;0;14041.60;14046.60;14051.60;14056.60;14036.60;14036.60;14036.60;0;0;0;5.40;0.00;2.8;1.9;0.9;0;0;0;0;0;SOLO_CONTA
CONTA;2025.07.15 08:00;ST35;-1;1;1;0;9;9;1;1;0.907;32.06;-0.159;1.164;0;14020.13;14023.21;136.69;38.49;14069.43;SCALA3;0;14064.43;14069.43;14074.43;14079.43;14059.43;14059.43;14059.43;0;0;0;5.40;0.00;2.8;1.9;0.9;0;0;0;0;0;SOLO_CONTA
CONTA;2025.07.15 10:00;ST25;1;1;1;0;0;0;1;1;0.530;27.69;-0.154;1.265;0;14012.34;14018.96;134.90;40.80;13972.48;SCALA3;0;13977.48;13972.48;13967.48;13962.48;13982.48;13982.48;13982.48;0;0;0;5.40;0.00;2.8;1.9;0.9;0;0;0;0;0;SOLO_CONTA
CONTA;2025.07.15 11:00;ST25;1;1;0;0;0;0;1;1;0.207;25.45;-0.188;1.470;0;14005.51;14015.25;134.79;34.82;13972.48;SCALA3;0;13977.48;13972.48;13967.48;13962.48;13982.48;13982.48;13982.48;0;0;0;5.40;0.00;2.8;1.9;0.9;0;0;0;0;0;SOLO_CONTA
CONTA;2025.07.16 16:00;ST25;1;1;1;0;0;0;1;1;0.972;22.73;-0.371;3.138;0;13929.25;13943.54;194.75;44.04;13869.98;SCALA3;0;13874.98;13869.98;13864.98;13859.98;13879.98;13879.98;13879.98;0;0;0;5.40;0.00;2.8;1.9;0.9;0;0;0;0;0;SOLO_CONTA
CONTA;2025.07.17 16:00;ST35;-1;2;1;0;0;0;1;1;0.120;18.30;-0.268;0.029;1;13972.21;13961.21;89.76;39.80;14005.06;SCALA3;0;14000.06;14005.06;14010.06;14015.06;13995.06;13995.06;13995.06;0;0;0;5.40;0.00;2.8;1.9;0.9;0;0;0;0;0;SOLO_CONTA
CONTA;2025.07.18 17:00;ST25;1;2;1;0;0;0;1;1;0.132;19.31;-0.110;1.498;0;13983.97;13981.60;94.67;32.03;13954.98;SCALA3;0;13959.98;13954.98;13949.98;13944.98;13964.98;13964.98;13964.98;0;0;0;5.40;0.00;2.8;1.9;0.9;0;0;0;0;0;SOLO_CONTA
CONTA;2025.07.21 08:00;ST30;1;1;1;0;0;0;1;1;0.174;17.32;-0.121;1.915;0;13969.39;13975.00;106.82;32.78;13939.00;SCALA3;0;13944.00;13939.00;13934.00;13929.00;13949.00;13949.00;13949.00;0;0;0;5.40;0.00;2.8;1.9;0.9;0;0;0;0;0;SOLO_CONTA
CONTA;2025.07.21 16:00;ST25;-1;1;1;0;0;0;1;1;0.321;17.84;-0.122;0.755;0;13980.70;13976.32;114.07;33.52;14024.95;SCALA3;0;14019.95;14024.95;14029.95;14034.95;14014.95;14014.95;14014.95;0;0;0;5.40;0.00;2.8;1.9;0.9;0;0;0;0;0;SOLO_CONTA
CONTA;2025.07.22 08:00;ST25;-1;2;1;0;0;0;1;1;0.795;19.34;-0.142;0.742;0;13990.43;13982.47;87.53;34.01;14024.95;SCALA3;0;14019.95;14024.95;14029.95;14034.95;14014.95;14014.95;14014.95;0;0;0;5.40;0.00;2.8;1.9;0.9;0;0;0;0;0;SOLO_CONTA
CONTA;2025.07.22 08:00;ST30;-1;1;1;0;0;0;1;1;1.232;19.34;-0.142;1.179;0;13990.43;13982.47;87.53;34.01;14039.81;SCALA3;0;14034.81;14039.81;14044.81;14049.81;14029.81;14029.81;14029.81;0;0;0;5.40;0.00;2.8;1.9;0.9;0;0;0;0;0;SOLO_CONTA
CONTA;2025.07.22 09:00;ST30;-1;1;0;0;0;0;1;1;0.278;20.31;-0.128;1.164;0;13998.51;13986.86;98.91;34.19;14039.81;SCALA3;0;14034.81;14039.81;14044.81;14049.81;14029.81;14029.81;14029.81;0;0;0;5.40;0.00;2.8;1.9;0.9;0;0;0;0;0;SOLO_CONTA
CONTA;2025.07.22 10:00;ST30;-1;1;0;0;0;0;1;1;0.290;22.10;-0.110;1.121;0;14004.93;13990.84;108.36;35.24;14039.81;SCALA3;0;14034.81;14039.81;14044.81;14049.81;14029.81;14029.81;14029.81;0;0;0;5.40;0.00;2.8;1.9;0.9;0;0;0;0;0;SOLO_CONTA
CONTA;2025.07.23 08:00;ST25;1;1;1;0;0;0;1;1;2.574;15.29;0.016;1.269;0;14023.87;14007.65;118.46;44.21;13945.53;SCALA3;0;13950.53;13945.53;13940.53;13935.53;13955.53;13955.53;13955.53;0;0;0;5.40;0.00;2.8;1.9;0.9;0;0;0;0;0;SOLO_CONTA
CONTA;2025.07.25 09:00;ST25;1;2;1;0;0;0;1;1;0.617;27.43;0.787;2.358;0;14222.12;14198.75;284.11;47.59;14156.45;SCALA3;0;14161.45;14156.45;14151.45;14146.45;14166.45;14166.45;14166.45;0;0;0;5.40;0.00;2.8;1.9;0.9;0;0;0;0;0;SOLO_CONTA
CONTA;2025.07.25 12:00;ST25;1;3;1;0;0;0;1;1;0.606;20.36;0.900;2.545;0;14201.61;14194.29;233.66;42.49;14156.45;SCALA3;0;14161.45;14156.45;14151.45;14146.45;14166.45;14166.45;14166.45;0;0;0;5.40;0.00;2.8;1.9;0.9;0;0;0;0;0;SOLO_CONTA
CONTA;2025.07.25 14:00;ST25;1;4;1;0;0;0;1;1;1.117;18.49;0.977;2.627;0;14198.72;14194.06;175.91;40.07;14156.45;SCALA3;0;14161.45;14156.45;14151.45;14146.45;14166.45;14166.45;14166.45;0;0;0;5.40;0.00;2.8;1.9;0.9;0;0;0;0;0;SOLO_CONTA
CONTA;2025.07.30 09:00;ST30;1;1;1;0;0;0;1;1;0.551;22.79;0.719;1.964;0;14305.14;14296.98;248.54;56.16;14221.38;SCALA3;0;14226.38;14221.38;14216.38;14211.38;14231.38;14231.38;14231.38;0;0;0;5.40;0.00;2.8;1.9;0.9;0;0;0;0;0;SOLO_CONTA
CONTA;2025.07.30 09:00;ST35;1;1;1;0;0;9;1;1;0.961;22.79;0.719;1.554;0;14305.14;14296.98;248.54;56.16;14198.36;SCALA3;0;14203.36;14198.36;14193.36;14188.36;14208.36;14208.36;14208.36;0;0;0;5.40;0.00;2.8;1.9;0.9;0;0;0;0;0;SOLO_CONTA
CONTA;2025.07.31 14:00;ST30;1;2;1;0;0;0;1;1;0.242;32.93;0.959;4.698;0;14432.09;14394.43;316.43;53.14;14403.93;SCALA3;0;14408.93;14403.93;14398.93;14393.93;14413.93;14413.93;14413.93;0;0;0;5.40;0.00;2.8;1.9;0.9;0;0;0;0;0;SOLO_CONTA
CONTA;2025.07.31 15:00;ST30;1;2;0;0;0;0;1;1;0.163;30.05;0.936;4.540;0;14427.93;14395.96;316.99;54.42;14403.93;SCALA3;0;14408.93;14403.93;14398.93;14393.93;14413.93;14413.93;14413.93;0;0;0;5.40;0.00;2.8;1.9;0.9;0;0;0;0;0;SOLO_CONTA
CONTA;2025.07.31 16:00;ST30;1;2;0;0;0;0;1;1;0.305;28.34;0.928;4.443;0;14426.29;14398.12;317.54;55.01;14403.93;SCALA3;0;14408.93;14403.93;14398.93;14393.93;14413.93;14413.93;14413.93;0;0;0;5.40;0.00;2.8;1.9;0.9;0;0;0;0;0;SOLO_CONTA
CONTA;2025.08.04 08:00;ST25;-1;1;1;0;0;0;1;1;0.124;52.29;0.350;1.643;0;14197.34;14255.54;498.34;72.84;14287.93;SCALA3;0;14282.93;14287.93;14292.93;14297.93;14277.93;14277.93;14277.93;0;0;0;5.40;0.00;2.8;1.9;0.9;0;0;0;0;0;SOLO_CONTA
CONTA;2025.08.04 10:00;ST30;-1;1;1;0;0;0;1;1;0.178;41.99;0.292;2.029;0;14237.35;14264.71;447.95;75.53;14324.21;SCALA3;0;14319.21;14324.21;14329.21;14334.21;14314.21;14314.21;14314.21;0;0;0;5.40;0.00;2.8;1.9;0.9;0;0;0;0;0;SOLO_CONTA
CONTA;2025.08.04 11:00;ST30;-1;1;0;0;0;0;1;1;0.048;38.88;0.292;2.130;0;14253.74;14269.67;428.92;71.24;14324.21;SCALA3;0;14319.21;14324.21;14329.21;14334.21;14314.21;14314.21;14314.21;0;0;0;5.40;0.00;2.8;1.9;0.9;0;0;0;0;0;SOLO_CONTA
CONTA;2025.08.04 12:00;ST30;-1;1;0;0;0;0;1;1;0.020;36.19;0.285;2.178;0;14267.45;14274.46;410.67;68.98;14324.21;SCALA3;0;14319.21;14324.21;14329.21;14334.21;14314.21;14314.21;14314.21;0;0;0;5.40;0.00;2.8;1.9;0.9;0;0;0;0;0;SOLO_CONTA
CONTA;2025.08.04 15:00;ST35;-1;1;1;0;9;9;1;1;0.128;37.02;0.266;2.877;0;14303.61;14290.95;352.78;63.14;14360.50;SCALA3;0;14355.50;14360.50;14365.50;14370.50;14350.50;14350.50;14350.50;0;0;0;5.40;0.00;2.8;1.9;0.9;0;0;0;0;0;SOLO_CONTA
CONTA;2025.08.05 09:00;ST25;1;1;1;0;0;0;1;1;0.510;42.76;0.382;2.177;0;14331.14;14312.78;378.64;49.54;14295.15;SCALA3;0;14300.15;14295.15;14290.15;14285.15;14305.15;14305.15;14305.15;0;0;0;5.40;0.00;2.8;1.9;0.9;0;0;0;0;0;SOLO_CONTA
CONTA;2025.08.05 09:00;ST30;1;1;1;0;0;0;1;1;0.832;42.76;0.382;1.855;0;14331.14;14312.78;378.64;49.54;14279.20;SCALA3;0;14284.20;14279.20;14274.20;14269.20;14289.20;14289.20;14289.20;0;0;0;5.40;0.00;2.8;1.9;0.9;0;0;0;0;0;SOLO_CONTA
CONTA;2025.08.11 08:00;ST25;1;2;1;0;0;0;1;1;0.061;51.08;1.985;8.972;0;14791.94;14733.45;305.95;45.64;14747.33;SCALA3;0;14752.33;14747.33;14742.33;14737.33;14757.33;14757.33;14757.33;0;0;0;5.40;0.00;2.8;1.9;0.9;0;0;0;0;0;SOLO_CONTA
CONTA;2025.08.11 09:00;ST30;1;2;1;0;0;0;1;1;0.005;45.17;2.007;8.537;0;14779.74;14733.21;274.34;45.38;14729.16;SCALA3;0;14734.16;14729.16;14724.16;14719.16;14739.16;14739.16;14739.16;0;0;0;5.40;0.00;2.8;1.9;0.9;0;0;0;0;0;SOLO_CONTA
CONTA;2025.08.11 10:00;ST30;1;2;0;0;0;0;1;1;0.978;41.09;1.928;8.053;0;14779.03;14737.12;248.30;47.57;14729.16;SCALA3;0;14734.16;14729.16;14724.16;14719.16;14739.16;14739.16;14739.16;0;0;0;5.40;0.00;2.8;1.9;0.9;0;0;0;0;0;SOLO_CONTA
CONTA;2025.08.18 09:00;ST25;1;1;1;0;0;0;1;1;0.835;33.82;2.995;12.354;0;15250.30;15212.24;207.50;43.56;15186.72;SCALA3;0;15191.72;15186.72;15181.72;15176.72;15196.72;15196.72;15196.72;0;0;0;5.40;0.00;2.8;1.9;0.9;0;0;0;0;0;SOLO_CONTA
CONTA;2025.08.18 11:00;ST30;1;3;1;0;0;0;1;1;0.111;31.20;3.059;12.066;0;15226.42;15207.48;157.62;42.21;15168.41;SCALA3;0;15173.41;15168.41;15163.41;15158.41;15178.41;15178.41;15178.41;0;0;0;5.40;0.00;2.8;1.9;0.9;0;0;0;0;0;SOLO_CONTA
CONTA;2025.08.19 08:00;ST25;-1;1;1;0;0;0;1;1;0.356;22.43;3.164;15.075;0;15230.48;15216.39;146.60;37.32;15264.80;SCALA3;0;15259.80;15264.80;15269.80;15274.80;15254.80;15254.80;15254.80;0;0;0;5.40;0.00;2.8;1.9;0.9;0;0;0;0;0;SOLO_CONTA
CONTA;2025.08.19 08:00;ST30;-1;1;1;0;0;0;1;1;0.873;22.43;3.164;15.592;0;15230.48;15216.39;146.60;37.32;15284.10;SCALA3;0;15279.10;15284.10;15289.10;15294.10;15274.10;15274.10;15274.10;0;0;0;5.40;0.00;2.8;1.9;0.9;0;0;0;0;0;SOLO_CONTA
CONTA;2025.08.21 15:00;ST25;-1;1;1;0;0;0;1;1;0.213;25.72;2.319;11.160;0;15242.59;15250.66;124.31;39.26;15282.85;SCALA3;0;15277.85;15282.85;15287.85;15292.85;15272.85;15272.85;15272.85;0;0;0;5.40;0.00;2.8;1.9;0.9;0;0;0;0;0;SOLO_CONTA
CONTA;2025.08.21 16:00;ST30;-1;1;1;0;0;0;1;1;0.431;25.07;2.280;11.408;0;15251.07;15253.79;126.57;39.66;15301.61;SCALA3;0;15296.61;15301.61;15306.61;15311.61;15291.61;15291.61;15291.61;0;0;0;5.40;0.00;2.8;1.9;0.9;0;0;0;0;0;SOLO_CONTA
CONTA;2025.08.25 12:00;ST30;1;1;1;0;0;0;1;1;0.054;29.53;2.437;9.582;0;15330.56;15327.78;171.60;37.29;15288.68;SCALA3;0;15293.68;15288.68;15283.68;15278.68;15298.68;15298.68;15298.68;0;0;0;5.40;0.00;2.8;1.9;0.9;0;0;0;0;0;SOLO_CONTA
CONTA;2025.09.05 16:00;ST35;1;1;1;0;9;9;1;1;0.577;32.38;-0.109;2.248;0;14890.06;14877.61;202.98;50.11;14805.79;SCALA3;0;14810.79;14805.79;14800.79;14795.79;14815.79;14815.79;14815.79;0;0;0;5.40;0.00;2.8;1.9;0.9;0;0;0;0;0;SOLO_CONTA
CONTA;2025.09.12 10:00;ST25;1;1;1;0;0;0;1;1;0.543;39.51;1.230;4.853;0;15275.18;15238.70;171.29;47.28;15227.13;SCALA3;0;15232.13;15227.13;15222.13;15217.13;15237.13;15237.13;15237.13;0;0;0;5.40;0.00;2.8;1.9;0.9;0;0;0;0;0;SOLO_CONTA
CONTA;2025.09.12 11:00;ST25;1;1;0;0;0;0;1;1;0.226;36.47;1.277;5.000;0;15267.82;15238.67;163.57;45.41;15227.13;SCALA3;0;15232.13;15227.13;15222.13;15217.13;15237.13;15237.13;15237.13;0;0;0;5.40;0.00;2.8;1.9;0.9;0;0;0;0;0;SOLO_CONTA
CONTA;2025.09.12 12:00;ST25;1;1;0;0;0;0;1;1;0.124;33.83;1.328;5.171;0;15260.66;15238.07;156.11;43.46;15227.13;SCALA3;0;15232.13;15227.13;15222.13;15217.13;15237.13;15237.13;15237.13;0;0;0;5.40;0.00;2.8;1.9;0.9;0;0;0;0;0;SOLO_CONTA
CONTA;2025.09.12 13:00;ST30;1;1;1;0;0;0;1;1;0.334;33.14;1.308;4.617;0;15252.45;15236.39;157.66;43.64;15206.03;SCALA3;0;15211.03;15206.03;15201.03;15196.03;15216.03;15216.03;15216.03;0;0;0;5.40;0.00;2.8;1.9;0.9;0;0;0;0;0;SOLO_CONTA
CONTA;2025.09.16 08:00;ST35;1;2;1;0;9;9;1;1;0.193;43.48;1.534;5.599;0;15361.30;15337.63;240.17;40.23;15284.62;SCALA3;0;15289.62;15284.62;15279.62;15274.62;15294.62;15294.62;15294.62;0;0;0;5.40;0.00;2.8;1.9;0.9;0;0;0;0;0;SOLO_CONTA
CONTA;2025.09.18 08:00;ST25;-1;1;1;0;0;0;1;1;1.072;22.22;0.554;3.845;0;15161.69;15190.74;154.17;37.37;15228.25;SCALA3;0;15223.25;15228.25;15233.25;15238.25;15218.25;15218.25;15218.25;0;0;0;5.40;0.00;2.8;1.9;0.9;0;0;0;0;0;SOLO_CONTA
CONTA;2025.09.18 09:00;ST25;-1;1;0;0;0;0;1;1;0.318;19.74;0.467;3.316;0;15172.37;15192.96;139.77;42.94;15228.25;SCALA3;0;15223.25;15228.25;15233.25;15238.25;15218.25;15218.25;15218.25;0;0;0;5.40;0.00;2.8;1.9;0.9;0;0;0;0;0;SOLO_CONTA
CONTA;2025.09.18 10:00;ST25;-1;1;0;0;0;0;1;1;1.695;17.36;0.370;2.823;0;15166.32;15188.33;114.20;50.24;15228.25;SCALA3;0;15223.25;15228.25;15233.25;15238.25;15218.25;15218.25;15218.25;0;0;0;5.40;0.00;2.8;1.9;0.9;0;0;0;0;0;SOLO_CONTA
CONTA;2025.09.24 15:00;ST35;-1;1;1;0;9;9;1;1;0.367;25.52;0.148;2.550;0;15166.79;15154.82;116.48;48.45;15239.29;SCALA3;0;15234.29;15239.29;15244.29;15249.29;15229.29;15229.29;15229.29;0;0;0;5.40;0.00;2.8;1.9;0.9;0;0;0;0;0;SOLO_CONTA
CONTA;2025.09.25 08:00;ST25;1;1;1;0;0;0;1;1;1.401;25.41;0.192;0.415;1;15169.97;15160.58;104.90;45.84;15098.98;SCALA3;0;15103.98;15098.98;15093.98;15088.98;15108.98;15108.98;15108.98;0;0;0;5.40;0.00;2.8;1.9;0.9;0;0;0;0;0;SOLO_CONTA
CONTA;2025.09.26 08:00;ST35;-1;2;1;0;0;0;1;1;0.770;14.79;0.240;2.695;0;15169.98;15165.31;82.69;43.11;15239.29;SCALA3;0;15234.29;15239.29;15244.29;15249.29;15229.29;15229.29;15229.29;0;0;0;5.40;0.00;2.8;1.9;0.9;0;0;0;0;0;SOLO_CONTA
CONTA;2025.09.26 10:00;ST35;-1;3;1;0;0;0;1;1;0.209;13.23;0.260;2.536;0;15191.53;15176.50;104.11;44.99;15239.29;SCALA3;0;15234.29;15239.29;15244.29;15249.29;15229.29;15229.29;15229.29;0;0;0;5.40;0.00;2.8;1.9;0.9;0;0;0;0;0;SOLO_CONTA
CONTA;2025.09.26 11:00;ST35;-1;3;0;0;0;0;1;1;0.046;14.04;0.304;2.757;0;15200.80;15182.08;113.59;40.96;15239.29;SCALA3;0;15234.29;15239.29;15244.29;15249.29;15229.29;15229.29;15229.29;0;0;0;5.40;0.00;2.8;1.9;0.9;0;0;0;0;0;SOLO_CONTA
CONTA;2025.10.01 08:00;ST25;1;2;1;0;0;0;1;1;0.327;50.11;0.965;4.865;0;15428.98;15381.58;259.87;42.79;15395.23;SCALA3;0;15400.23;15395.23;15390.23;15385.23;15405.23;15405.23;15405.23;0;0;0;5.40;0.00;2.8;1.9;0.9;0;0;0;0;0;SOLO_CONTA
CONTA;2025.10.01 08:00;ST30;1;1;1;0;0;0;1;1;0.769;50.11;0.965;4.422;0;15428.98;15381.58;259.87;42.79;15376.28;SCALA3;0;15381.28;15376.28;15371.28;15366.28;15386.28;15386.28;15386.28;0;0;0;5.40;0.00;2.8;1.9;0.9;0;0;0;0;0;SOLO_CONTA
CONTA;2025.10.01 09:00;ST25;1;2;0;0;0;0;1;1;0.170;46.40;0.892;4.391;0;15424.13;15383.68;254.93;46.91;15395.23;SCALA3;0;15400.23;15395.23;15390.23;15385.23;15405.23;15405.23;15405.23;0;0;0;5.40;0.00;2.8;1.9;0.9;0;0;0;0;0;SOLO_CONTA
CONTA;2025.10.01 09:00;ST30;1;1;0;0;0;0;1;1;0.574;46.40;0.892;3.987;0;15424.13;15383.68;254.93;46.91;15376.28;SCALA3;0;15381.28;15376.28;15371.28;15366.28;15386.28;15386.28;15386.28;0;0;0;5.40;0.00;2.8;1.9;0.9;0;0;0;0;0;SOLO_CONTA
CONTA;2025.10.01 09:00;ST35;1;1;1;0;9;9;1;1;0.978;46.40;0.892;3.584;0;15424.13;15383.68;254.93;46.91;15357.34;SCALA3;0;15362.34;15357.34;15352.34;15347.34;15367.34;15367.34;15367.34;0;0;0;5.40;0.00;2.8;1.9;0.9;0;0;0;0;0;SOLO_CONTA
CONTA;2025.10.06 08:00;ST30;1;2;1;0;0;0;1;1;0.353;25.07;1.239;4.034;0;15565.83;15559.42;193.32;49.81;15491.02;SCALA3;0;15496.02;15491.02;15486.02;15481.02;15501.02;15501.02;15501.02;0;0;0;5.40;0.00;2.8;1.9;0.9;0;0;0;0;0;SOLO_CONTA
CONTA;2025.10.09 14:00;ST25;1;1;1;0;0;0;1;1;0.060;17.20;1.110;3.804;0;15610.91;15608.67;183.26;44.84;15559.13;SCALA3;0;15564.13;15559.13;15554.13;15549.13;15569.13;15569.13;15569.13;0;0;0;5.40;0.00;2.8;1.9;0.9;0;0;0;0;0;SOLO_CONTA
CONTA;2025.10.09 18:00;ST25;1;2;1;0;0;0;1;1;1.242;22.22;1.131;3.761;0;15594.25;15601.28;131.68;43.29;15559.13;SCALA3;0;15564.13;15559.13;15554.13;15549.13;15569.13;15569.13;15569.13;0;0;0;5.40;0.00;2.8;1.9;0.9;0;0;0;0;0;SOLO_CONTA
CONTA;2025.10.13 08:00;ST25;-1;1;1;0;0;0;1;1;0.035;18.24;0.491;2.272;0;15544.22;15575.69;288.72;76.75;15591.75;SCALA3;0;15586.75;15591.75;15596.75;15601.75;15581.75;15581.75;15581.75;0;0;0;5.40;0.00;2.8;1.9;0.9;0;0;0;0;0;SOLO_CONTA
CONTA;2025.10.13 09:00;ST25;-1;1;0;0;0;0;1;1;0.376;16.60;0.468;2.207;0;15548.04;15574.56;287.33;78.35;15591.75;SCALA3;0;15586.75;15591.75;15596.75;15601.75;15581.75;15581.75;15581.75;0;0;0;5.40;0.00;2.8;1.9;0.9;0;0;0;0;0;SOLO_CONTA
CONTA;2025.10.14 15:00;ST25;-1;2;1;0;0;0;1;1;0.333;19.29;0.364;2.761;0;15523.90;15534.87;162.91;56.36;15591.75;SCALA3;0;15586.75;15591.75;15596.75;15601.75;15581.75;15581.75;15581.75;0;0;0;5.40;0.00;2.8;1.9;0.9;0;0;0;0;0;SOLO_CONTA
CONTA;2025.10.15 18:00;ST30;1;1;1;0;0;0;1;1;1.210;36.66;0.516;0.885;0;15588.81;15593.85;301.10;58.14;15512.95;SCALA3;0;15517.95;15512.95;15507.95;15502.95;15522.95;15522.95;15522.95;0;0;0;5.40;0.00;2.8;1.9;0.9;0;0;0;0;0;SOLO_CONTA
CONTA;2025.10.15 18:00;ST35;1;1;1;0;9;9;1;1;1.727;36.66;0.516;0.369;1;15588.81;15593.85;301.10;58.14;15482.90;SCALA3;0;15487.90;15482.90;15477.90;15472.90;15492.90;15492.90;15492.90;0;0;0;5.40;0.00;2.8;1.9;0.9;0;0;0;0;0;SOLO_CONTA
CONTA;2025.10.16 08:00;ST35;1;1;0;0;9;9;1;1;0.341;37.03;0.464;0.331;1;15572.15;15585.81;306.40;63.40;15482.90;SCALA3;0;15487.90;15482.90;15477.90;15472.90;15492.90;15492.90;15492.90;0;0;0;5.40;0.00;2.8;1.9;0.9;0;0;0;0;0;SOLO_CONTA
CONTA;2025.10.16 13:00;ST35;1;2;1;0;9;9;1;1;0.500;25.01;0.520;0.309;1;15545.46;15566.12;268.46;56.39;15482.90;SCALA3;0;15487.90;15482.90;15477.90;15472.90;15492.90;15492.90;15492.90;0;0;0;5.40;0.00;2.8;1.9;0.9;0;0;0;0;0;SOLO_CONTA
CONTA;2025.10.16 14:00;ST35;1;2;0;0;9;9;1;1;0.400;25.54;0.484;0.297;1;15537.25;15560.51;280.00;57.44;15482.90;SCALA3;0;15487.90;15482.90;15477.90;15472.90;15492.90;15492.90;15492.90;0;0;0;5.40;0.00;2.8;1.9;0.9;0;0;0;0;0;SOLO_CONTA
CONTA;2025.10.17 08:00;ST35;1;3;1;0;0;0;1;1;0.112;18.83;0.331;0.179;1;15554.93;15564.29;233.48;65.79;15482.90;SCALA3;0;15487.90;15482.90;15477.90;15472.90;15492.90;15492.90;15492.90;0;0;0;5.40;0.00;2.8;1.9;0.9;0;0;0;0;0;SOLO_CONTA
CONTA;2025.10.17 15:00;ST35;-1;1;1;0;9;9;1;1;1.239;25.37;0.236;3.178;0;15591.49;15574.26;239.42;73.04;15710.10;SCALA3;0;15705.10;15710.10;15715.10;15720.10;15700.10;15700.10;15700.10;0;0;0;5.40;0.00;2.8;1.9;0.9;0;0;0;0;0;SOLO_CONTA
CONTA;2025.10.21 16:00;ST25;1;1;1;0;0;0;1;1;0.232;35.05;1.329;4.613;0;15812.28;15786.55;124.63;46.19;15757.27;SCALA3;0;15762.27;15757.27;15752.27;15747.27;15767.27;15767.27;15767.27;0;0;0;5.40;0.00;2.8;1.9;0.9;0;0;0;0;0;SOLO_CONTA
CONTA;2025.10.22 17:00;ST35;1;1;1;0;0;0;1;1;0.794;18.69;1.040;2.903;0;15798.27;15796.68;147.67;50.22;15719.14;SCALA3;0;15724.14;15719.14;15714.14;15709.14;15729.14;15729.14;15729.14;0;0;0;10.40;0.00;1.4;1.0;0.5;0;0;0;0;0;SOLO_CONTA
CONTA;2025.10.22 18:00;ST25;1;1;1;0;0;0;1;1;0.850;21.47;1.014;2.864;0;15782.46;15789.64;166.75;50.00;15718.00;SCALA3;0;15723.00;15718.00;15713.00;15708.00;15728.00;15728.00;15728.00;0;0;0;5.40;0.00;2.8;1.9;0.9;0;0;0;0;0;SOLO_CONTA
CONTA;2025.10.22 18:00;ST35;1;1;0;0;0;9;1;1;0.827;21.47;1.014;2.887;0;15782.46;15789.64;166.75;50.00;15719.14;SCALA3;0;15724.14;15719.14;15714.14;15709.14;15729.14;15729.14;15729.14;0;0;0;5.40;0.00;2.8;1.9;0.9;0;0;0;0;0;SOLO_CONTA
CONTA;2025.10.24 10:00;ST35;1;2;1;0;0;0;1;1;0.964;15.81;0.852;2.416;0;15783.38;15788.89;113.90;48.09;15719.14;SCALA3;0;15724.14;15719.14;15714.14;15709.14;15729.14;15729.14;15729.14;0;0;0;5.40;0.00;2.8;1.9;0.9;0;0;0;0;0;SOLO_CONTA
CONTA;2025.10.24 16:00;ST30;-1;1;1;0;0;0;1;1;0.314;19.78;0.835;5.346;0;15800.37;15793.23;119.19;47.08;15865.77;SCALA3;0;15860.77;15865.77;15870.77;15875.77;15855.77;15855.77;15855.77;0;0;0;5.40;0.00;2.8;1.9;0.9;0;0;0;0;0;SOLO_CONTA
CONTA;2025.10.29 09:00;ST25;1;2;1;0;0;0;1;1;0.145;60.47;1.952;8.847;0;16059.74;16012.88;195.71;36.94;16026.73;SCALA3;0;16031.73;16026.73;16021.73;16016.73;16036.73;16036.73;16036.73;0;0;0;5.40;0.00;2.8;1.9;0.9;0;0;0;0;0;SOLO_CONTA
CONTA;2025.10.29 09:00;ST30;1;1;1;0;0;0;1;1;0.545;60.47;1.952;8.447;0;16059.74;16012.88;195.71;36.94;16011.97;SCALA3;0;16016.97;16011.97;16006.97;16001.97;16021.97;16021.97;16021.97;0;0;0;5.40;0.00;2.8;1.9;0.9;0;0;0;0;0;SOLO_CONTA
CONTA;2025.10.29 09:00;ST35;1;3;1;0;9;9;1;1;0.944;60.47;1.952;8.048;0;16059.74;16012.88;195.71;36.94;15997.22;SCALA3;0;16002.22;15997.22;15992.22;15987.22;16007.22;16007.22;16007.22;0;0;0;5.40;0.00;2.8;1.9;0.9;0;0;0;0;0;SOLO_CONTA
CONTA;2025.10.29 10:00;ST25;1;2;0;0;0;0;1;1;2.846;57.73;1.601;7.008;0;16079.11;16025.95;209.68;45.99;16026.73;SCALA3;0;16031.73;16026.73;16021.73;16016.73;16036.73;16036.73;16036.73;0;0;0;5.40;0.00;2.8;1.9;0.9;0;0;0;0;0;SOLO_CONTA
CONTA;2025.10.31 09:00;ST35;-1;1;1;0;9;9;1;1;0.295;27.91;1.048;5.645;0;16038.28;16039.67;357.68;60.14;16111.72;SCALA3;0;16106.72;16111.72;16116.72;16121.72;16101.72;16101.72;16101.72;0;0;0;5.40;0.00;2.8;1.9;0.9;0;0;0;0;0;SOLO_CONTA
CONTA;2025.11.04 16:00;ST30;-1;1;1;0;0;0;1;1;0.077;32.59;0.538;2.611;0;15952.84;15977.21;411.47;69.27;16010.63;SCALA3;0;16005.63;16010.63;16015.63;16020.63;16000.63;16000.63;16000.63;0;0;0;5.40;0.00;2.8;1.9;0.9;0;0;0;0;0;SOLO_CONTA
CONTA;2025.11.07 09:00;ST25;1;1;1;0;0;0;1;1;0.473;26.65;0.821;2.603;0;16103.20;16080.57;259.42;54.59;16024.90;SCALA3;0;16029.90;16024.90;16019.90;16014.90;16034.90;16034.90;16034.90;0;0;0;5.40;0.00;2.8;1.9;0.9;0;0;0;0;0;SOLO_CONTA
CONTA;2025.11.07 10:00;ST30;1;1;1;0;0;0;1;1;0.172;25.35;0.804;2.088;0;16085.16;16074.43;223.24;56.36;16001.83;SCALA3;0;16006.83;16001.83;15996.83;15991.83;16011.83;16011.83;16011.83;0;0;0;5.40;0.00;2.8;1.9;0.9;0;0;0;0;0;SOLO_CONTA
CONTA;2025.11.07 11:00;ST35;1;1;1;0;9;9;1;1;0.062;25.92;0.763;1.588;0;16064.71;16066.11;216.39;58.96;15978.76;SCALA3;0;15983.76;15978.76;15973.76;15968.76;15988.76;15988.76;15988.76;0;0;0;5.40;0.00;2.8;1.9;0.9;0;0;0;0;0;SOLO_CONTA
CONTA;2025.11.10 09:00;ST30;-1;1;1;0;0;0;1;1;0.139;35.72;0.439;2.996;0;15976.83;16001.84;357.98;67.95;16094.35;SCALA3;0;16089.35;16094.35;16099.35;16104.35;16084.35;16084.35;16084.35;0;0;0;5.40;0.00;2.8;1.9;0.9;0;0;0;0;0;SOLO_CONTA
CONTA;2025.11.19 16:00;ST30;-1;1;1;0;0;0;1;1;0.948;39.08;-0.712;1.513;0;15907.43;15945.92;304.39;58.04;15987.34;SCALA3;0;15982.34;15987.34;15992.34;15997.34;15977.34;15977.34;15977.34;0;0;0;5.40;0.00;2.8;1.9;0.9;0;0;0;0;0;SOLO_CONTA
CONTA;2025.11.24 16:00;ST25;-1;1;1;0;0;0;1;1;0.459;22.27;-0.489;0.153;1;15939.51;15921.46;257.84;65.27;16022.05;SCALA3;0;16017.05;16022.05;16027.05;16032.05;16012.05;16012.05;16012.05;0;0;0;5.40;0.00;2.8;1.9;0.9;0;0;0;0;0;SOLO_CONTA
CONTA;2025.11.25 13:00;ST30;-1;1;1;0;0;0;1;1;0.296;31.83;-0.314;0.719;0;15975.69;15949.61;193.87;59.39;16069.85;SCALA3;0;16064.85;16069.85;16074.85;16079.85;16059.85;16059.85;16059.85;0;0;0;5.40;0.00;2.8;1.9;0.9;0;0;0;0;0;SOLO_CONTA
CONTA;2025.11.25 13:00;ST35;-1;1;1;0;9;9;1;1;1.100;31.83;-0.314;1.524;0;15975.69;15949.61;193.87;59.39;16117.65;SCALA3;0;16112.65;16117.65;16122.65;16127.65;16107.65;16107.65;16107.65;0;0;0;5.40;0.00;2.8;1.9;0.9;0;0;0;0;0;SOLO_CONTA
CONTA;2025.11.25 14:00;ST35;-1;1;0;0;9;9;1;1;0.182;34.62;-0.262;1.504;0;16001.71;15963.81;211.49;59.65;16117.65;SCALA3;0;16112.65;16117.65;16122.65;16127.65;16107.65;16107.65;16107.65;0;0;0;5.40;0.00;2.8;1.9;0.9;0;0;0;0;0;SOLO_CONTA
CONTA;2025.12.01 09:00;ST25;1;1;1;0;0;0;1;1;1.467;29.67;1.496;5.535;0;16366.49;16342.74;80.94;35.14;16314.45;SCALA3;0;16319.45;16314.45;16309.45;16304.45;16324.45;16324.45;16324.45;0;0;0;5.40;0.00;2.8;1.9;0.9;0;0;0;0;0;SOLO_CONTA
CONTA;2025.12.01 10:00;ST25;1;1;0;0;0;0;1;1;0.184;27.43;1.286;4.767;0;16357.27;16340.71;84.43;40.39;16314.45;SCALA3;0;16319.45;16314.45;16309.45;16304.45;16324.45;16324.45;16324.45;0;0;0;5.40;0.00;2.8;1.9;0.9;0;0;0;0;0;SOLO_CONTA
CONTA;2025.12.01 11:00;ST25;1;1;0;0;0;0;1;0;0.003;24.84;1.165;4.342;0;16348.88;16338.40;91.43;43.89;16314.45;SCALA3;0;16319.45;16314.45;16309.45;16304.45;16324.45;16324.45;16324.45;0;0;0;5.40;0.00;2.8;1.9;0.9;0;0;0;0;0;SOLO_CONTA
CONTA;2025.12.01 17:00;ST30;-1;1;1;0;0;0;1;1;0.111;24.86;0.931;5.644;0;16356.75;16343.28;137.43;50.21;16419.99;SCALA3;0;16414.99;16419.99;16424.99;16429.99;16409.99;16409.99;16409.99;0;0;0;5.40;0.00;2.8;1.9;0.9;0;0;0;0;0;SOLO_CONTA
CONTA;2025.12.01 18:00;ST30;-1;1;0;0;0;0;1;1;0.021;28.30;0.976;5.828;0;16369.00;16350.07;150.49;48.14;16419.99;SCALA3;0;16414.99;16419.99;16424.99;16429.99;16409.99;16409.99;16409.99;0;0;0;5.40;0.00;2.8;1.9;0.9;0;0;0;0;0;SOLO_CONTA
CONTA;2025.12.03 17:00;ST30;1;1;1;0;0;0;1;1;0.050;30.84;1.232;4.957;0;16643.48;16583.51;401.05;66.44;16553.59;SCALA3;0;16558.59;16553.59;16548.59;16543.59;16563.59;16563.59;16563.59;0;0;0;5.40;0.00;2.8;1.9;0.9;0;0;0;0;0;SOLO_CONTA
CONTA;2025.12.03 18:00;ST30;1;1;0;0;0;0;1;1;0.471;31.01;1.245;4.976;0;16631.56;16583.54;398.17;65.46;16553.59;SCALA3;0;16558.59;16553.59;16548.59;16543.59;16563.59;16563.59;16563.59;0;0;0;5.40;0.00;2.8;1.9;0.9;0;0;0;0;0;SOLO_CONTA
CONTA;2025.12.08 09:00;ST35;1;1;1;0;9;9;1;1;0.143;40.27;1.745;6.113;0;16702.15;16701.27;203.23;49.87;16635.49;SCALA3;0;16640.49;16635.49;16630.49;16625.49;16645.49;16645.49;16645.49;0;0;0;5.40;0.00;2.8;1.9;0.9;0;0;0;0;0;SOLO_CONTA
CONTA;2025.12.08 10:00;ST35;1;1;0;0;9;9;1;1;0.989;42.46;1.648;5.742;0;16699.00;16699.92;196.89;52.48;16635.49;SCALA3;0;16640.49;16635.49;16630.49;16625.49;16645.49;16645.49;16645.49;0;0;0;5.40;0.00;2.8;1.9;0.9;0;0;0;0;0;SOLO_CONTA
CONTA;2025.12.09 09:00;ST25;-1;1;1;0;0;0;1;1;0.479;25.87;1.439;7.857;0;16687.57;16689.39;167.23;50.74;16765.80;SCALA3;0;16760.80;16765.80;16770.80;16775.80;16755.80;16755.80;16755.80;0;0;0;5.40;0.00;2.8;1.9;0.9;0;0;0;0;0;SOLO_CONTA
CONTA;2025.12.09 09:00;ST30;-1;1;1;0;0;0;1;1;0.884;25.87;1.439;8.263;0;16687.57;16689.39;167.23;50.74;16786.37;SCALA3;0;16781.37;16786.37;16791.37;16796.37;16776.37;16776.37;16776.37;0;0;0;5.40;0.00;2.8;1.9;0.9;0;0;0;0;0;SOLO_CONTA
CONTA;2025.12.10 15:00;ST25;-1;2;1;0;0;0;1;1;0.500;24.35;1.564;8.301;0;16727.57;16715.76;107.55;41.41;16765.80;SCALA3;0;16760.80;16765.80;16770.80;16775.80;16755.80;16755.80;16755.80;0;0;0;5.40;0.00;2.8;1.9;0.9;0;0;0;0;0;SOLO_CONTA
CONTA;2025.12.12 17:00;ST35;1;2;1;0;9;9;1;1;0.153;39.14;1.593;6.062;0;16925.59;16896.16;293.98;54.01;16848.53;SCALA3;0;16853.53;16848.53;16843.53;16838.53;16858.53;16858.53;16858.53;0;0;0;5.40;0.00;2.8;1.9;0.9;0;0;0;0;0;SOLO_CONTA
CONTA;2025.12.15 09:00;ST30;-1;1;1;0;0;0;1;1;0.440;34.57;1.469;8.106;0;16927.61;16903.41;225.15;59.50;17015.28;SCALA3;0;17010.28;17015.28;17020.28;17025.28;17005.28;17005.28;17005.28;0;0;0;5.40;0.00;2.8;1.9;0.9;0;0;0;0;0;SOLO_CONTA
CONTA;2025.12.15 10:00;ST30;-1;1;0;0;0;0;1;1;0.101;35.05;1.464;7.927;0;16943.90;16913.02;222.16;60.24;17015.28;SCALA3;0;17010.28;17015.28;17020.28;17025.28;17005.28;17005.28;17005.28;0;0;0;5.40;0.00;2.8;1.9;0.9;0;0;0;0;0;SOLO_CONTA
CONTA;2025.12.16 16:00;ST25;1;1;1;0;0;0;1;1;0.380;25.78;1.736;6.509;0;16988.06;16983.52;149.05;49.86;16935.88;SCALA3;0;16940.88;16935.88;16930.88;16925.88;16945.88;16945.88;16945.88;0;0;0;5.40;0.00;2.8;1.9;0.9;0;0;0;0;0;SOLO_CONTA
CONTA;2025.12.16 16:00;ST30;1;1;1;0;0;0;1;1;0.743;25.78;1.736;6.146;0;16988.06;16983.52;149.05;49.86;16917.78;SCALA3;0;16922.78;16917.78;16912.78;16907.78;16927.78;16927.78;16927.78;0;0;0;5.40;0.00;2.8;1.9;0.9;0;0;0;0;0;SOLO_CONTA
CONTA;2025.12.16 17:00;ST25;1;1;0;0;0;0;1;1;0.192;28.29;1.666;6.202;0;16979.51;16980.05;117.99;51.79;16935.88;SCALA3;0;16940.88;16935.88;16930.88;16925.88;16945.88;16945.88;16945.88;0;0;0;5.40;0.00;2.8;1.9;0.9;0;0;0;0;0;SOLO_CONTA
CONTA;2025.12.16 17:00;ST30;1;1;0;0;0;0;1;1;0.541;28.29;1.666;5.853;0;16979.51;16980.05;117.99;51.79;16917.78;SCALA3;0;16922.78;16917.78;16912.78;16907.78;16927.78;16927.78;16927.78;0;0;0;5.40;0.00;2.8;1.9;0.9;0;0;0;0;0;SOLO_CONTA
CONTA;2025.12.16 19:00;ST35;1;3;1;0;9;9;1;1;1.519;32.26;1.560;5.234;0;16960.41;16970.64;152.32;53.27;16899.68;SCALA3;0;16904.68;16899.68;16894.68;16889.68;16909.68;16909.68;16909.68;0;0;0;5.40;0.00;2.8;1.9;0.9;0;0;0;0;0;SOLO_CONTA
CONTA;2025.12.17 18:00;ST35;1;4;1;0;9;9;1;1;0.210;26.29;1.262;4.342;0;16949.20;16963.10;169.17;62.04;16899.68;SCALA3;0;16904.68;16899.68;16894.68;16889.68;16909.68;16909.68;16909.68;0;0;0;16.30;0.00;0.9;0.6;0.3;0;0;0;0;0;SOLO_CONTA
CONTA;2025.12.18 12:00;ST25;-1;1;1;0;0;0;1;1;0.142;23.76;1.170;6.549;0;16986.74;16975.46;190.63;62.31;17055.92;SCALA3;0;17050.92;17055.92;17060.92;17065.92;17045.92;17045.92;17045.92;0;0;0;5.40;0.00;2.8;1.9;0.9;0;0;0;0;0;SOLO_CONTA
CONTA;2025.12.18 14:00;ST30;-1;1;1;0;0;0;1;1;0.196;29.39;1.151;6.850;0;17014.96;16990.96;198.35;62.31;17082.92;SCALA3;0;17077.92;17082.92;17087.92;17092.92;17072.92;17072.92;17072.92;0;0;0;5.40;0.00;2.8;1.9;0.9;0;0;0;0;0;SOLO_CONTA
CONTA;2025.12.18 15:00;ST30;-1;1;0;0;0;0;1;1;0.818;29.99;1.156;6.862;0;17017.87;16994.46;202.29;61.66;17082.92;SCALA3;0;17077.92;17082.92;17087.92;17092.92;17072.92;17072.92;17072.92;0;0;0;5.40;0.00;2.8;1.9;0.9;0;0;0;0;0;SOLO_CONTA
CONTA;2025.12.23 13:00;ST25;1;1;1;0;0;0;1;1;0.233;19.26;1.930;7.148;0;17108.74;17116.97;121.11;40.06;17071.95;SCALA3;0;17076.95;17071.95;17066.95;17061.95;17081.95;17081.95;17081.95;0;0;0;5.40;0.00;2.8;1.9;0.9;0;0;0;0;0;SOLO_CONTA
CONTA;2025.12.31 09:00;ST25;1;2;1;0;0;0;1;1;1.711;40.31;1.716;7.313;0;17321.37;17277.76;270.21;45.86;17250.25;SCALA3;0;17255.25;17250.25;17245.25;17240.25;17260.25;17260.25;17260.25;0;0;0;5.40;0.00;2.8;1.9;0.9;0;0;0;0;0;SOLO_CONTA
CONTA;2026.01.07 11:00;ST25;1;3;1;0;0;0;1;1;0.458;22.72;2.008;8.466;0;17640.04;17609.97;184.30;56.14;17597.40;SCALA3;0;17602.40;17597.40;17592.40;17587.40;17607.40;17607.40;17607.40;0;0;0;5.40;0.00;2.8;1.9;0.9;0;0;0;0;0;SOLO_CONTA
CONTA;2026.01.07 13:00;ST25;1;4;1;0;0;0;1;1;0.410;21.59;2.224;9.221;0;17633.70;17612.17;135.27;50.46;17597.40;SCALA3;0;17602.40;17597.40;17592.40;17587.40;17607.40;17607.40;17607.40;0;0;0;5.40;0.00;2.8;1.9;0.9;0;0;0;0;0;SOLO_CONTA
CONTA;2026.01.07 16:00;ST30;1;1;1;0;0;0;1;1;0.205;24.38;2.263;8.972;0;17613.92;17607.82;150.07;47.79;17574.60;SCALA3;0;17579.60;17574.60;17569.60;17564.60;17584.60;17584.60;17584.60;0;0;0;5.40;0.00;2.8;1.9;0.9;0;0;0;0;0;SOLO_CONTA
CONTA;2026.01.07 16:00;ST35;1;1;1;0;9;9;1;1;0.682;24.38;2.263;8.495;0;17613.92;17607.82;150.07;47.79;17551.80;SCALA3;0;17556.80;17551.80;17546.80;17541.80;17561.80;17561.80;17561.80;0;0;0;5.40;0.00;2.8;1.9;0.9;0;0;0;0;0;SOLO_CONTA
CONTA;2026.01.07 17:00;ST30;1;1;0;0;0;0;1;1;0.727;24.14;2.221;8.809;0;17612.96;17607.94;151.39;48.16;17574.60;SCALA3;0;17579.60;17574.60;17569.60;17564.60;17584.60;17584.60;17584.60;0;0;0;5.40;0.00;2.8;1.9;0.9;0;0;0;0;0;SOLO_CONTA
CONTA;2026.01.08 09:00;ST30;1;2;1;0;0;0;1;1;0.846;22.21;2.060;8.159;0;17605.74;17605.20;149.07;50.38;17574.60;SCALA3;0;17579.60;17574.60;17569.60;17564.60;17584.60;17584.60;17584.60;0;0;0;5.40;0.00;2.8;1.9;0.9;0;0;0;0;0;SOLO_CONTA
CONTA;2026.01.08 09:00;ST35;1;2;1;0;9;9;1;1;1.298;22.21;2.060;7.706;0;17605.74;17605.20;149.07;50.38;17551.80;SCALA3;0;17556.80;17551.80;17546.80;17541.80;17561.80;17561.80;17561.80;0;0;0;5.40;0.00;2.8;1.9;0.9;0;0;0;0;0;SOLO_CONTA
CONTA;2026.01.08 11:00;ST30;1;3;1;0;0;0;1;1;0.668;20.62;1.940;7.792;0;17602.14;17603.40;147.79;51.66;17574.60;SCALA3;0;17579.60;17574.60;17569.60;17564.60;17584.60;17584.60;17584.60;0;0;0;5.40;0.00;2.8;1.9;0.9;0;0;0;0;0;SOLO_CONTA
CONTA;2026.01.09 09:00;ST25;-1;1;1;0;0;0;1;1;0.652;23.59;2.037;10.621;0;17642.84;17626.77;111.47;44.27;17682.55;SCALA3;0;17677.55;17682.55;17687.55;17692.55;17672.55;17672.55;17672.55;0;0;0;5.40;0.00;2.8;1.9;0.9;0;0;0;0;0;SOLO_CONTA
CONTA;2026.01.12 14:00;ST30;-1;1;1;0;0;0;1;1;0.255;20.24;1.187;6.060;0;17595.25;17599.69;230.98;63.03;17650.80;SCALA3;0;17645.80;17650.80;17655.80;17660.80;17640.80;17640.80;17640.80;0;0;0;5.40;0.00;2.8;1.9;0.9;0;0;0;0;0;SOLO_CONTA
CONTA;2026.01.14 17:00;ST25;1;1;1;0;0;0;1;1;0.117;17.49;1.245;4.931;0;17717.29;17703.41;190.06;61.57;17668.70;SCALA3;0;17673.70;17668.70;17663.70;17658.70;17678.70;17678.70;17678.70;0;0;0;8.40;0.00;1.8;1.2;0.6;0;0;0;0;0;SOLO_CONTA
CONTA;2026.01.14 18:00;ST25;1;1;0;0;0;0;1;1;0.141;16.32;1.289;5.158;0;17709.21;17701.00;186.64;58.26;17668.70;SCALA3;0;17673.70;17668.70;17663.70;17658.70;17678.70;17678.70;17678.70;0;0;0;9.40;0.00;1.6;1.1;0.5;0;0;0;0;0;SOLO_CONTA
CONTA;2026.01.15 09:00;ST30;1;1;1;0;0;0;1;1;0.121;15.18;1.279;4.661;0;17695.24;17695.96;189.58;57.35;17641.55;SCALA3;0;17646.55;17641.55;17636.55;17631.55;17651.55;17651.55;17651.55;0;0;0;5.40;0.00;2.8;1.9;0.9;0;0;0;0;0;SOLO_CONTA
CONTA;2026.01.15 09:00;ST35;1;1;1;0;0;0;1;1;0.595;15.18;1.279;4.188;0;17695.24;17695.96;189.58;57.35;17614.40;SCALA3;0;17619.40;17614.40;17609.40;17604.40;17624.40;17624.40;17624.40;0;0;0;5.40;0.00;2.8;1.9;0.9;0;0;0;0;0;SOLO_CONTA
CONTA;2026.01.15 13:00;ST30;1;2;1;0;0;0;1;1;0.097;14.99;1.250;4.463;0;17683.89;17690.39;167.09;57.21;17641.55;SCALA3;0;17646.55;17641.55;17636.55;17631.55;17651.55;17651.55;17651.55;0;0;0;5.40;0.00;2.8;1.9;0.9;0;0;0;0;0;SOLO_CONTA
CONTA;2026.01.15 14:00;ST30;1;2;0;0;0;0;1;1;0.039;18.28;1.333;4.803;0;17675.73;17686.09;177.14;52.64;17641.55;SCALA3;0;17646.55;17641.55;17636.55;17631.55;17651.55;17651.55;17651.55;0;0;0;5.40;0.00;2.8;1.9;0.9;0;0;0;0;0;SOLO_CONTA
CONTA;2026.01.15 15:00;ST30;1;2;0;0;0;0;1;1;0.199;22.13;1.312;4.766;0;17670.69;17682.86;183.90;52.49;17641.55;SCALA3;0;17646.55;17641.55;17636.55;17631.55;17651.55;17651.55;17651.55;0;0;0;5.40;0.00;2.8;1.9;0.9;0;0;0;0;0;SOLO_CONTA
CONTA;2026.01.15 15:00;ST35;1;2;1;0;0;9;1;1;0.716;22.13;1.312;4.249;0;17670.69;17682.86;183.90;52.49;17614.40;SCALA3;0;17619.40;17614.40;17609.40;17604.40;17624.40;17624.40;17624.40;0;0;0;5.40;0.00;2.8;1.9;0.9;0;0;0;0;0;SOLO_CONTA
CONTA;2026.01.16 19:00;ST25;-1;1;1;0;0;0;1;1;4.396;24.14;1.040;6.251;0;17662.54;17655.29;153.13;46.42;17715.78;SCALA3;0;17710.78;17715.78;17720.78;17725.78;17705.78;17705.78;17705.78;0;0;0;5.40;0.00;2.8;1.9;0.9;0;0;0;0;0;SOLO_CONTA
CONTA;2026.01.21 16:00;ST30;-1;1;1;0;0;0;1;1;0.178;24.00;-0.138;0.608;0;17381.31;17414.46;321.12;77.71;17480.23;SCALA3;0;17475.23;17480.23;17485.23;17490.23;17470.23;17470.23;17470.23;0;0;0;5.40;0.00;2.8;1.9;0.9;0;0;0;0;0;SOLO_CONTA
CONTA;2026.01.29 11:00;ST25;-1;1;1;0;0;0;1;1;0.242;23.37;0.466;2.473;0;17628.17;17638.35;373.93;64.77;17681.75;SCALA3;0;17676.75;17681.75;17686.75;17691.75;17671.75;17671.75;17671.75;0;0;0;5.40;0.00;2.8;1.9;0.9;0;0;0;0;0;SOLO_CONTA
CONTA;2026.02.03 15:00;ST30;1;1;1;0;0;0;1;1;0.501;36.14;1.380;5.881;0;18101.31;18041.51;409.96;65.45;18035.61;SCALA3;0;18040.61;18035.61;18030.61;18025.61;18045.61;18045.61;18045.61;0;0;0;5.40;0.00;2.8;1.9;0.9;0;0;0;0;0;SOLO_CONTA
CONTA;2026.02.04 12:00;ST30;-1;1;1;0;0;0;1;1;0.123;23.50;0.991;5.401;0;18105.84;18069.50;269.81;94.82;18196.33;SCALA3;0;18191.33;18196.33;18201.33;18206.33;18186.33;18186.33;18186.33;0;0;0;5.40;0.00;2.8;1.9;0.9;0;0;0;0;0;SOLO_CONTA
CONTA;2026.02.04 13:00;ST30;-1;1;0;0;0;0;1;1;0.266;23.95;1.026;5.528;0;18119.07;18078.82;271.73;91.76;18196.33;SCALA3;0;18191.33;18196.33;18201.33;18206.33;18186.33;18186.33;18186.33;0;0;0;5.40;0.00;2.8;1.9;0.9;0;0;0;0;0;SOLO_CONTA
CONTA;2026.02.04 15:00;ST35;-1;1;1;0;9;9;1;1;0.642;21.83;0.951;5.453;0;18146.69;18099.38;289.70;98.81;18237.99;SCALA3;0;18232.99;18237.99;18242.99;18247.99;18227.99;18227.99;18227.99;0;0;0;5.40;0.00;2.8;1.9;0.9;0;0;0;0;0;SOLO_CONTA
CONTA;2026.02.05 09:00;ST30;1;1;1;0;0;0;1;1;0.178;24.91;0.692;1.401;0;18048.71;18068.37;357.51;119.45;17882.62;SCALA3;0;17887.62;17882.62;17877.62;17872.62;17892.62;17892.62;17892.62;0;0;0;5.40;0.00;2.8;1.9;0.9;0;0;0;0;0;SOLO_CONTA
CONTA;2026.02.06 15:00;ST25;-1;1;1;0;0;0;1;1;0.244;33.41;0.296;2.500;0;17869.61;17885.89;347.28;85.51;17946.90;SCALA3;0;17941.90;17946.90;17951.90;17956.90;17936.90;17936.90;17936.90;0;0;0;5.40;0.00;2.8;1.9;0.9;0;0;0;0;0;SOLO_CONTA
CONTA;2026.02.06 16:00;ST25;-1;1;0;0;0;0;1;1;0.155;34.07;0.304;2.642;0;17882.49;17890.27;328.21;80.16;17946.90;SCALA3;0;17941.90;17946.90;17951.90;17956.90;17936.90;17936.90;17936.90;0;0;0;5.40;0.00;2.8;1.9;0.9;0;0;0;0;0;SOLO_CONTA
CONTA;2026.02.06 17:00;ST25;-1;1;0;0;0;0;1;1;0.233;34.63;0.316;2.792;0;17892.27;17894.01;317.43;75.15;17946.90;SCALA3;0;17941.90;17946.90;17951.90;17956.90;17936.90;17936.90;17936.90;0;0;0;7.40;0.00;2.0;1.4;0.7;0;0;0;0;0;SOLO_CONTA
CONTA;2026.02.06 19:00;ST30;-1;1;1;0;0;0;1;0;0.678;39.75;0.377;3.797;0;17924.56;17909.12;355.95;66.97;17996.17;SCALA3;0;17991.17;17996.17;18001.17;18006.17;17986.17;17986.17;17986.17;0;0;0;5.40;0.00;2.8;1.9;0.9;0;0;0;0;0;SOLO_CONTA
CONTA;2026.02.10 19:00;ST25;1;1;1;0;0;0;1;1;1.106;22.36;1.312;4.893;0;18155.54;18127.01;301.14;55.34;18091.63;SCALA3;0;18096.63;18091.63;18086.63;18081.63;18101.63;18101.63;18101.63;0;0;0;5.40;0.00;2.8;1.9;0.9;0;0;0;0;0;SOLO_CONTA
CONTA;2026.02.16 10:00;ST25;-1;1;1;0;0;0;1;1;0.134;41.19;-0.085;0.569;0;17767.07;17819.47;492.35;92.49;17897.72;SCALA3;0;17892.72;17897.72;17902.72;17907.72;17887.72;17887.72;17887.72;0;0;0;5.40;0.00;2.8;1.9;0.9;0;0;0;0;0;SOLO_CONTA
CONTA;2026.02.17 09:00;ST25;-1;2;1;0;0;0;1;1;0.111;22.12;-0.214;0.929;0;17853.37;17844.31;355.18;55.31;17897.72;SCALA3;0;17892.72;17897.72;17902.72;17907.72;17887.72;17887.72;17887.72;0;0;0;5.40;0.00;2.8;1.9;0.9;0;0;0;0;0;SOLO_CONTA
CONTA;2026.02.19 13:00;ST35;1;1;1;0;9;9;1;1;0.241;35.79;0.864;2.272;0;18087.20;18071.36;390.32;52.53;18015.44;SCALA3;0;18020.44;18015.44;18010.44;18005.44;18025.44;18025.44;18025.44;0;0;0;5.40;0.00;2.8;1.9;0.9;0;0;0;0;0;SOLO_CONTA
CONTA;2026.02.20 10:00;ST30;-1;1;1;0;0;0;1;1;0.127;38.69;0.574;3.283;0;18029.12;18034.83;370.80;64.88;18116.63;SCALA3;0;18111.63;18116.63;18121.63;18126.63;18106.63;18106.63;18106.63;0;0;0;5.40;0.00;2.8;1.9;0.9;0;0;0;0;0;SOLO_CONTA
CONTA;2026.02.20 11:00;ST30;-1;1;0;0;0;0;1;1;0.048;38.12;0.561;3.244;0;18046.10;18042.02;365.54;65.01;18116.63;SCALA3;0;18111.63;18116.63;18121.63;18126.63;18106.63;18106.63;18106.63;0;0;0;5.40;0.00;2.8;1.9;0.9;0;0;0;0;0;SOLO_CONTA
CONTA;2026.02.20 12:00;ST30;-1;1;0;0;0;0;1;1;0.181;36.06;0.571;3.335;0;18058.24;18047.91;362.37;62.64;18116.63;SCALA3;0;18111.63;18116.63;18121.63;18126.63;18106.63;18106.63;18106.63;0;0;0;5.40;0.00;2.8;1.9;0.9;0;0;0;0;0;SOLO_CONTA
CONTA;2026.02.20 15:00;ST30;-1;2;1;0;0;0;1;1;0.181;26.14;0.541;3.493;0;18075.40;18058.91;297.49;58.25;18116.63;SCALA3;0;18111.63;18116.63;18121.63;18126.63;18106.63;18106.63;18106.63;0;0;0;5.40;0.00;2.8;1.9;0.9;0;0;0;0;0;SOLO_CONTA
CONTA;2026.02.23 18:00;ST30;1;1;1;0;0;0;1;1;0.232;34.72;0.837;3.616;0;18290.60;18233.85;424.77;71.87;18221.60;SCALA3;0;18226.60;18221.60;18216.60;18211.60;18231.60;18231.60;18231.60;0;0;0;6.40;0.00;2.3;1.6;0.8;0;0;0;0;0;SOLO_CONTA
CONTA;2026.02.25 09:00;ST25;-1;1;1;0;0;0;1;1;0.548;21.87;0.763;4.806;0;18229.66;18219.48;300.40;73.74;18345.93;SCALA3;0;18340.93;18345.93;18350.93;18355.93;18335.93;18335.93;18335.93;0;0;0;5.40;0.00;2.8;1.9;0.9;0;0;0;0;0;SOLO_CONTA
CONTA;2026.02.25 14:00;ST25;-1;2;1;0;0;0;1;1;0.099;38.76;0.822;5.396;0;18292.47;18257.38;241.30;62.73;18345.93;SCALA3;0;18340.93;18345.93;18350.93;18355.93;18335.93;18335.93;18335.93;0;0;0;5.40;0.00;2.8;1.9;0.9;0;0;0;0;0;SOLO_CONTA
CONTA;2026.02.27 16:00;ST30;1;1;1;0;0;0;1;1;0.201;29.60;0.995;2.829;0;18414.62;18414.60;192.87;75.90;18313.63;SCALA3;0;18318.63;18313.63;18308.63;18303.63;18323.63;18323.63;18323.63;0;0;0;5.40;0.00;2.8;1.9;0.9;0;0;0;0;0;SOLO_CONTA
CONTA;2026.03.04 12:00;ST30;-1;1;1;0;0;0;1;1;0.376;33.59;-0.892;3.236;0;17204.47;17357.42;1392.89;160.36;17426.77;SCALA3;0;17421.77;17426.77;17431.77;17436.77;17416.77;17416.77;17416.77;0;0;0;5.40;0.00;2.8;1.9;0.9;0;0;0;0;0;SOLO_CONTA
CONTA;2026.03.05 15:00;ST25;1;1;1;0;0;0;1;1;0.248;28.19;-1.004;4.572;0;17512.31;17481.25;807.16;104.34;17412.55;SCALA3;0;17417.55;17412.55;17407.55;17402.55;17422.55;17422.55;17422.55;0;0;0;5.40;0.00;2.8;1.9;0.9;0;0;0;0;0;SOLO_CONTA
CONTA;2026.03.05 16:00;ST30;1;1;1;0;0;0;1;1;0.007;30.37;-0.941;4.931;0;17482.05;17470.32;720.95;106.47;17359.30;SCALA3;0;17364.30;17359.30;17354.30;17349.30;17369.30;17369.30;17369.30;0;0;0;5.40;0.00;2.8;1.9;0.9;0;0;0;0;0;SOLO_CONTA
CONTA;2026.03.05 16:00;ST35;1;1;1;0;9;9;1;1;0.507;30.37;-0.941;5.431;0;17482.05;17470.32;720.95;106.47;17306.05;SCALA3;0;17311.05;17306.05;17301.05;17296.05;17316.05;17316.05;17316.05;0;0;0;5.40;0.00;2.8;1.9;0.9;0;0;0;0;0;SOLO_CONTA
CONTA;2026.03.12 09:00;ST25;1;1;1;0;0;0;1;1;0.586;11.41;-0.431;3.621;0;17338.72;17318.52;286.25;128.49;17155.63;SCALA3;0;17160.63;17155.63;17150.63;17145.63;17165.63;17165.63;17165.63;0;0;0;5.40;0.00;2.8;1.9;0.9;0;0;0;0;0;SOLO_CONTA
CONTA;2026.03.12 10:00;ST25;1;1;0;0;0;0;1;1;0.473;15.08;-0.424;3.493;0;17314.49;17309.35;315.07;132.06;17155.63;SCALA3;0;17160.63;17155.63;17150.63;17145.63;17165.63;17165.63;17165.63;0;0;0;5.40;0.00;2.8;1.9;0.9;0;0;0;0;0;SOLO_CONTA
CONTA;2026.03.12 12:00;ST25;1;2;1;0;0;0;1;1;0.156;21.72;-0.483;3.803;0;17264.26;17286.05;386.06;118.99;17155.63;SCALA3;0;17160.63;17155.63;17150.63;17145.63;17165.63;17165.63;17165.63;0;0;0;5.40;0.00;2.8;1.9;0.9;0;0;0;0;0;SOLO_CONTA
CONTA;2026.03.12 15:00;ST35;1;1;1;0;9;9;1;1;0.248;36.80;-0.579;4.855;0;17175.39;17236.17;487.19;115.81;17030.50;SCALA3;0;17035.50;17030.50;17025.50;17020.50;17040.50;17040.50;17040.50;0;0;0;5.40;0.00;2.8;1.9;0.9;0;0;0;0;0;SOLO_CONTA
CONTA;2026.03.12 16:00;ST35;1;1;0;0;9;9;1;1;0.650;40.84;-0.605;4.809;0;17160.77;17224.00;483.58;115.90;17030.50;SCALA3;0;17035.50;17030.50;17025.50;17020.50;17040.50;17040.50;17040.50;0;0;0;5.40;0.00;2.8;1.9;0.9;0;0;0;0;0;SOLO_CONTA
CONTA;2026.03.13 13:00;ST30;-1;1;1;0;0;0;1;1;0.442;33.06;-0.764;2.458;0;17135.76;17167.09;455.50;110.99;17278.35;SCALA3;0;17273.35;17278.35;17283.35;17288.35;17268.35;17268.35;17268.35;0;0;0;5.40;0.00;2.8;1.9;0.9;0;0;0;0;0;SOLO_CONTA
CONTA;2026.03.13 14:00;ST30;-1;1;0;0;0;0;1;1;0.619;33.98;-0.752;2.384;0;17150.79;17171.07;436.02;113.03;17278.35;SCALA3;0;17273.35;17278.35;17283.35;17288.35;17268.35;17268.35;17268.35;0;0;0;5.40;0.00;2.8;1.9;0.9;0;0;0;0;0;SOLO_CONTA
CONTA;2026.03.16 09:00;ST25;1;1;1;0;0;0;1;1;0.051;19.96;-0.888;5.170;0;17050.16;17104.85;311.79;107.32;16962.30;SCALA3;0;16967.30;16962.30;16957.30;16952.30;16972.30;16972.30;16972.30;0;0;0;5.40;0.00;2.8;1.9;0.9;0;0;0;0;0;SOLO_CONTA
CONTA;2026.03.16 15:00;ST25;-1;1;1;0;0;0;1;1;0.337;26.80;-0.901;2.773;0;17100.81;17103.81;353.26;101.06;17212.13;SCALA3;0;17207.13;17212.13;17217.13;17222.13;17202.13;17202.13;17202.13;0;0;0;5.40;0.00;2.8;1.9;0.9;0;0;0;0;0;SOLO_CONTA
CONTA;2026.03.17 10:00;ST30;-1;2;1;0;0;0;1;1;0.112;25.48;-0.880;2.230;0;17148.51;17126.38;349.87;93.24;17264.40;SCALA3;0;17259.40;17264.40;17269.40;17274.40;17254.40;17254.40;17254.40;0;0;0;5.40;0.00;2.8;1.9;0.9;0;0;0;0;0;SOLO_CONTA
CONTA;2026.03.17 12:00;ST30;-1;3;1;0;0;0;1;1;0.307;28.00;-0.975;2.475;0;17179.96;17145.34;358.34;82.15;17264.40;SCALA3;0;17259.40;17264.40;17269.40;17274.40;17254.40;17254.40;17254.40;0;0;0;5.40;0.00;2.8;1.9;0.9;0;0;0;0;0;SOLO_CONTA
CONTA;2026.03.18 14:00;ST35;1;1;1;0;9;9;1;1;0.515;25.83;-0.467;2.933;0;17322.59;17278.20;424.72;81.18;17212.77;SCALA3;0;17217.77;17212.77;17207.77;17202.77;17222.77;17222.77;17222.77;0;0;0;5.40;0.00;2.8;1.9;0.9;0;0;0;0;0;SOLO_CONTA
CONTA;2026.03.18 15:00;ST35;1;1;0;0;9;9;1;1;0.255;24.81;-0.422;2.755;0;17304.69;17274.10;392.14;85.63;17212.77;SCALA3;0;17217.77;17212.77;17207.77;17202.77;17222.77;17222.77;17222.77;0;0;0;5.40;0.00;2.8;1.9;0.9;0;0;0;0;0;SOLO_CONTA
CONTA;2026.03.20 09:00;ST25;-1;1;1;0;0;0;1;1;0.401;35.30;-0.560;1.839;0;16968.31;17041.38;741.51;127.70;17148.85;SCALA3;0;17143.85;17148.85;17153.85;17158.85;17138.85;17138.85;17138.85;0;0;0;5.40;0.00;2.8;1.9;0.9;0;0;0;0;0;SOLO_CONTA
CONTA;2026.03.26 13:00;ST25;1;1;1;0;0;0;1;1;0.160;32.62;-0.358;3.030;0;17036.07;17033.29;443.38;91.19;16937.53;SCALA3;0;16942.53;16937.53;16932.53;16927.53;16947.53;16947.53;16947.53;0;0;0;5.40;0.00;2.8;1.9;0.9;0;0;0;0;0;SOLO_CONTA
CONTA;2026.03.26 14:00;ST25;1;1;0;0;0;0;1;1;0.940;33.58;-0.323;2.882;0;17034.88;17033.00;408.23;95.24;16937.53;SCALA3;0;16942.53;16937.53;16932.53;16927.53;16947.53;16947.53;16947.53;0;0;0;5.40;0.00;2.8;1.9;0.9;0;0;0;0;0;SOLO_CONTA
CONTA;2026.03.26 17:00;ST25;1;2;1;0;0;0;1;1;0.014;32.92;-0.298;2.886;0;17005.82;17019.30;343.75;92.71;16937.53;SCALA3;0;16942.53;16937.53;16932.53;16927.53;16947.53;16947.53;16947.53;0;0;0;11.40;0.00;1.3;0.9;0.4;0;0;0;0;0;SOLO_CONTA
CONTA;2026.03.30 12:00;ST30;-1;1;1;0;0;0;1;1;0.900;27.11;-0.796;1.936;0;16851.48;16856.77;310.53;85.57;16965.80;SCALA3;0;16960.80;16965.80;16970.80;16975.80;16955.80;16955.80;16955.80;0;0;0;5.40;0.00;2.8;1.9;0.9;0;0;0;0;0;SOLO_CONTA
CONTA;2026.03.30 16:00;ST35;-1;1;1;0;9;9;1;1;0.305;30.68;-0.763;1.413;0;16899.96;16879.59;315.23;83.57;17005.30;SCALA3;0;17000.30;17005.30;17010.30;17015.30;16995.30;16995.30;16995.30;0;0;0;5.40;0.00;2.8;1.9;0.9;0;0;0;0;0;SOLO_CONTA
CONTA;2026.03.31 07:00;ST35;-1;2;1;0;9;9;1;1;0.335;28.78;-0.624;1.255;0;16917.12;16894.49;309.75;87.93;17005.30;SCALA3;0;17000.30;17005.30;17010.30;17015.30;16995.30;16995.30;16995.30;0;0;0;5.40;0.00;2.8;1.9;0.9;0;0;0;0;0;SOLO_CONTA
CONTA;2026.04.02 18:00;ST35;-1;1;1;0;9;9;1;1;0.382;21.55;0.618;3.733;0;17461.64;17424.97;475.49;98.43;17565.40;SCALA3;0;17560.40;17565.40;17570.40;17575.40;17555.40;17555.40;17555.40;0;0;0;27.40;0.00;0.5;0.4;0.2;0;0;0;0;0;SOLO_CONTA
CONTA;2026.04.07 16:00;ST35;1;1;1;0;9;9;1;1;0.070;26.75;0.664;2.191;0;17526.58;17512.63;516.97;90.43;17435.50;SCALA3;0;17440.50;17435.50;17430.50;17425.50;17445.50;17445.50;17445.50;0;0;0;16.40;0.00;0.9;0.6;0.3;0;0;0;0;0;SOLO_CONTA
CONTA;2026.04.10 09:00;ST25;1;1;1;0;0;0;1;1;0.052;27.97;2.238;9.305;0;18103.28;18062.46;252.58;62.71;18043.55;SCALA3;0;18048.55;18043.55;18038.55;18033.55;18053.55;18053.55;18053.55;0;0;0;5.40;0.00;2.8;1.9;0.9;0;0;0;0;0;SOLO_CONTA
CONTA;2026.04.13 17:00;ST30;-1;1;1;0;0;0;1;1;0.129;28.28;1.560;7.499;0;18021.15;18041.79;459.06;69.93;18100.80;SCALA3;0;18095.80;18100.80;18105.80;18110.80;18090.80;18090.80;18090.80;0;0;0;24.40;0.00;0.6;0.4;0.2;0;0;0;0;0;SOLO_CONTA
CONTA;2026.04.13 18:00;ST30;-1;1;0;0;0;0;1;1;0.043;28.00;1.536;7.478;0;18036.68;18046.97;436.84;69.43;18100.80;SCALA3;0;18095.80;18100.80;18105.80;18110.80;18090.80;18090.80;18090.80;0;0;0;22.40;0.00;0.7;0.4;0.2;0;0;0;0;0;SOLO_CONTA
CONTA;2026.04.15 11:00;ST25;1;1;1;0;0;0;1;1;0.320;40.06;2.194;9.105;0;18210.59;18186.23;227.32;51.50;18158.30;SCALA3;0;18163.30;18158.30;18153.30;18148.30;18168.30;18168.30;18168.30;0;0;0;5.40;0.00;2.8;1.9;0.9;0;0;0;0;0;SOLO_CONTA
CONTA;2026.04.15 13:00;ST25;1;2;1;0;0;0;1;1;0.416;30.76;2.181;8.886;0;18203.83;18187.34;186.24;51.64;18158.30;SCALA3;0;18163.30;18158.30;18153.30;18148.30;18168.30;18168.30;18168.30;0;0;0;5.40;0.00;2.8;1.9;0.9;0;0;0;0;0;SOLO_CONTA
CONTA;2026.04.15 15:00;ST25;1;3;1;0;0;0;1;1;0.198;25.14;2.302;9.362;0;18195.14;18186.17;185.93;48.00;18158.30;SCALA3;0;18163.30;18158.30;18153.30;18148.30;18168.30;18168.30;18168.30;0;0;0;5.40;0.00;2.8;1.9;0.9;0;0;0;0;0;SOLO_CONTA
CONTA;2026.04.15 16:00;ST25;1;3;0;0;0;0;1;1;0.366;22.25;2.288;9.293;0;18191.47;18185.32;184.18;47.86;18158.30;SCALA3;0;18163.30;18158.30;18153.30;18148.30;18168.30;18168.30;18168.30;0;0;0;5.40;0.00;2.8;1.9;0.9;0;0;0;0;0;SOLO_CONTA
CONTA;2026.04.16 15:00;ST35;1;1;1;0;0;0;1;1;0.002;18.50;1.918;7.128;0;18184.00;18186.17;123.76;48.36;18111.70;SCALA3;0;18116.70;18111.70;18106.70;18101.70;18121.70;18121.70;18121.70;0;0;0;5.40;0.00;2.8;1.9;0.9;0;0;0;0;0;SOLO_CONTA
CONTA;2026.04.17 08:00;ST25;-1;1;1;0;0;0;1;1;0.024;27.34;1.517;6.663;0;18095.38;18129.84;283.76;52.29;18132.05;SCALA3;0;18127.05;18132.05;18137.05;18142.05;18122.05;18122.05;18122.05;0;0;0;5.40;0.00;2.8;1.9;0.9;0;0;0;0;0;SOLO_CONTA
CONTA;2026.04.20 07:00;ST25;1;1;1;0;0;0;1;0;0.005;25.92;0.919;4.324;0;18365.69;18289.44;706.22;94.79;18256.30;SCALA3;0;18261.30;18256.30;18251.30;18246.30;18266.30;18266.30;18266.30;0;0;0;5.40;0.00;2.8;1.9;0.9;0;0;0;0;0;SOLO_CONTA
CONTA;2026.04.20 08:00;ST25;1;1;0;0;0;0;1;1;0.320;23.11;0.888;4.126;0;18349.91;18289.20;706.57;98.29;18256.30;SCALA3;0;18261.30;18256.30;18251.30;18246.30;18266.30;18266.30;18266.30;0;0;0;5.40;0.00;2.8;1.9;0.9;0;0;0;0;0;SOLO_CONTA
CONTA;2026.04.20 09:00;ST25;1;1;0;0;0;0;1;1;0.163;20.67;0.924;4.218;0;18334.29;18287.62;697.66;95.14;18256.30;SCALA3;0;18261.30;18256.30;18251.30;18246.30;18266.30;18266.30;18266.30;0;0;0;5.40;0.00;2.8;1.9;0.9;0;0;0;0;0;SOLO_CONTA
CONTA;2026.04.20 15:00;ST30;1;1;1;0;0;0;1;1;0.187;19.75;1.265;4.398;0;18273.50;18272.42;496.97;74.71;18206.80;SCALA3;0;18211.80;18206.80;18201.80;18196.80;18216.80;18216.80;18216.80;0;0;0;5.40;0.00;2.8;1.9;0.9;0;0;0;0;0;SOLO_CONTA
CONTA;2026.04.20 16:00;ST30;1;1;0;0;0;0;1;1;0.626;18.82;1.315;4.522;0;18269.16;18270.55;482.20;71.86;18206.80;SCALA3;0;18211.80;18206.80;18201.80;18196.80;18216.80;18216.80;18216.80;0;0;0;7.40;0.00;2.0;1.4;0.7;0;0;0;0;0;SOLO_CONTA
CONTA;2026.04.21 10:00;ST25;-1;1;1;0;0;0;1;1;0.089;22.05;1.530;7.930;0;18295.36;18280.50;331.42;56.21;18354.80;SCALA3;0;18349.80;18354.80;18359.80;18364.80;18344.80;18344.80;18344.80;0;0;0;5.40;0.00;2.8;1.9;0.9;0;0;0;0;0;SOLO_CONTA
CONTA;2026.04.28 09:00;ST35;-1;1;1;0;9;9;1;1;0.494;24.64;-0.470;0.007;1;17776.53;17762.68;210.87;61.64;17883.25;SCALA3;0;17878.25;17883.25;17888.25;17893.25;17873.25;17873.25;17873.25;0;0;0;5.40;0.00;2.8;1.9;0.9;0;0;0;0;0;SOLO_CONTA
CONTA;2026.04.28 12:00;ST35;-1;2;1;0;9;9;1;1;1.851;26.54;-0.394;0.033;1;17796.95;17777.47;244.41;65.07;17883.25;SCALA3;0;17878.25;17883.25;17888.25;17893.25;17873.25;17873.25;17873.25;0;0;0;5.40;0.00;2.8;1.9;0.9;0;0;0;0;0;SOLO_CONTA
CONTA;2026.04.28 13:00;ST25;1;1;1;0;0;0;1;1;1.129;23.43;-0.351;2.286;0;17797.32;17779.41;244.90;70.43;17719.30;SCALA3;0;17724.30;17719.30;17714.30;17709.30;17729.30;17729.30;17729.30;0;0;0;5.40;0.00;2.8;1.9;0.9;0;0;0;0;0;SOLO_CONTA
CONTA;2026.04.30 09:00;ST25;-1;1;1;0;0;0;1;1;0.476;36.48;-0.431;2.450;0;17552.26;17614.99;337.27;108.29;17566.30;SCALA3;0;17561.30;17566.30;17571.30;17576.30;17556.30;17556.30;17556.30;0;0;0;5.40;0.00;2.8;1.9;0.9;0;0;0;0;0;SOLO_CONTA
CONTA;2026.04.30 13:00;ST35;-1;3;1;0;9;9;1;1;0.268;28.73;-0.432;1.218;0;17600.95;17620.11;271.06;112.93;17686.10;SCALA3;0;17681.10;17686.10;17691.10;17696.10;17676.10;17676.10;17676.10;0;0;0;5.40;0.00;2.8;1.9;0.9;0;0;0;0;0;SOLO_CONTA
CONTA;2026.04.30 14:00;ST35;-1;3;0;0;9;9;1;1;0.063;25.93;-0.423;1.173;0;17616.32;17625.35;246.34;116.00;17686.10;SCALA3;0;17681.10;17686.10;17691.10;17696.10;17676.10;17676.10;17676.10;0;0;0;5.40;0.00;2.8;1.9;0.9;0;0;0;0;0;SOLO_CONTA
CONTA;2026.05.05 08:00;ST25;-1;1;1;0;0;0;1;1;0.109;37.22;-0.482;2.509;0;17394.77;17481.45;813.79;107.86;17499.55;SCALA3;0;17494.55;17499.55;17504.55;17509.55;17489.55;17489.55;17489.55;0;0;0;5.40;0.00;2.8;1.9;0.9;0;0;0;0;0;SOLO_CONTA
CONTA;2026.05.05 09:00;ST30;-1;1;1;0;0;0;1;1;0.074;33.38;-0.521;2.165;0;17423.18;17486.49;788.09;103.21;17544.40;SCALA3;0;17539.40;17544.40;17549.40;17554.40;17534.40;17534.40;17534.40;0;0;0;5.40;0.00;2.8;1.9;0.9;0;0;0;0;0;SOLO_CONTA
CONTA;2026.05.13 17:00;ST35;-1;1;1;0;9;9;1;1;0.025;28.22;-0.640;1.174;0;17624.00;17638.70;219.57;63.21;17716.35;SCALA3;0;17711.35;17716.35;17721.35;17726.35;17706.35;17706.35;17706.35;0;0;0;5.40;0.00;2.8;1.9;0.9;0;0;0;0;0;SOLO_CONTA
CONTA;2026.05.13 18:00;ST35;-1;1;0;0;9;9;1;1;0.338;29.01;-0.625;1.150;0;17638.16;17643.80;225.05;63.71;17716.35;SCALA3;0;17711.35;17716.35;17721.35;17726.35;17706.35;17706.35;17706.35;0;0;0;10.40;0.00;1.4;1.0;0.5;0;0;0;0;0;SOLO_CONTA
CONTA;2026.05.15 07:00;ST35;1;1;1;0;9;9;1;1;0.466;26.37;-0.173;2.733;0;17725.23;17721.12;257.78;67.79;17599.20;SCALA3;0;17604.20;17599.20;17594.20;17589.20;17609.20;17609.20;17609.20;0;0;0;5.40;0.00;2.8;1.9;0.9;0;0;0;0;0;SOLO_CONTA
CONTA;2026.05.18 12:00;ST25;-1;1;1;0;0;0;1;1;0.226;15.84;-0.458;1.571;0;17566.34;17595.65;203.45;80.71;17623.05;SCALA3;0;17618.05;17623.05;17628.05;17633.05;17613.05;17613.05;17613.05;0;0;0;5.40;0.00;2.8;1.9;0.9;0;0;0;0;0;SOLO_CONTA
CONTA;2026.05.19 15:00;ST25;1;1;1;0;0;0;1;1;0.243;34.23;-0.040;1.279;0;17763.80;17738.43;376.41;73.93;17659.80;SCALA3;0;17664.80;17659.80;17654.80;17649.80;17669.80;17669.80;17669.80;0;0;0;5.40;0.00;2.8;1.9;0.9;0;0;0;0;0;SOLO_CONTA
CONTA;2026.05.20 07:00;ST30;1;1;1;0;0;0;1;1;0.221;26.73;0.014;1.658;0;17710.74;17718.66;228.48;74.64;17627.30;SCALA3;0;17632.30;17627.30;17622.30;17617.30;17637.30;17637.30;17637.30;0;0;0;5.40;0.00;2.8;1.9;0.9;0;0;0;0;0;SOLO_CONTA
CONTA;2026.05.26 07:00;ST25;1;1;1;0;0;0;1;1;0.887;60.36;1.385;7.678;0;18359.60;18265.00;693.67;56.07;18322.05;SCALA3;0;18327.05;18322.05;18317.05;18312.05;18332.05;18332.05;18332.05;0;0;0;5.40;0.00;2.8;1.9;0.9;0;0;0;0;0;SOLO_CONTA
CONTA;2026.05.26 16:00;ST30;1;2;1;0;0;0;1;1;0.008;38.45;1.982;7.644;0;18362.62;18324.85;125.39;48.86;18306.40;SCALA3;0;18311.40;18306.40;18301.40;18296.40;18316.40;18316.40;18316.40;0;0;0;5.40;0.00;2.8;1.9;0.9;0;0;0;0;0;SOLO_CONTA
CONTA;2026.05.26 16:00;ST35;1;1;1;0;9;9;1;1;0.329;38.45;1.982;7.324;0;18362.62;18324.85;125.39;48.86;18290.75;SCALA3;0;18295.75;18290.75;18285.75;18280.75;18300.75;18300.75;18300.75;0;0;0;5.40;0.00;2.8;1.9;0.9;0;0;0;0;0;SOLO_CONTA
CONTA;2026.05.27 07:00;ST25;-1;1;1;0;0;0;1;1;0.664;31.19;1.731;8.248;0;18328.90;18317.62;163.79;53.07;18385.05;SCALA3;0;18380.05;18385.05;18390.05;18395.05;18375.05;18375.05;18375.05;0;0;0;5.40;0.00;2.8;1.9;0.9;0;0;0;0;0;SOLO_CONTA
CONTA;2026.05.27 09:00;ST35;-1;1;1;0;9;9;1;1;0.052;31.93;1.841;9.529;0;18357.15;18332.99;172.48;49.21;18425.35;SCALA3;0;18420.35;18425.35;18430.35;18435.35;18415.35;18415.35;18415.35;0;0;0;5.40;0.00;2.8;1.9;0.9;0;0;0;0;0;SOLO_CONTA
CONTA;2026.05.27 10:00;ST35;-1;1;0;0;9;9;1;1;0.769;33.16;1.788;9.267;0;18363.48;18338.06;171.77;50.14;18425.35;SCALA3;0;18420.35;18425.35;18430.35;18435.35;18415.35;18415.35;18415.35;0;0;0;5.40;0.00;2.8;1.9;0.9;0;0;0;0;0;SOLO_CONTA
CONTA;2026.05.27 13:00;ST35;-1;2;1;0;9;9;1;1;0.045;28.01;1.519;7.942;0;18375.21;18350.00;173.36;56.93;18425.35;SCALA3;0;18420.35;18425.35;18430.35;18435.35;18415.35;18415.35;18415.35;0;0;0;5.40;0.00;2.8;1.9;0.9;0;0;0;0;0;SOLO_CONTA
CONTA;2026.05.28 14:00;ST35;1;1;1;0;9;9;1;1;0.114;46.33;1.287;3.768;0;18294.89;18320.94;218.30;56.00;18230.40;SCALA3;0;18235.40;18230.40;18225.40;18220.40;18240.40;18240.40;18240.40;0;0;0;5.40;0.00;2.8;1.9;0.9;0;0;0;0;0;SOLO_CONTA
CONTA;2026.05.28 15:00;ST35;1;1;0;0;9;9;1;1;1.050;43.52;1.097;3.243;0;18295.07;18318.65;219.65;64.21;18230.40;SCALA3;0;18235.40;18230.40;18225.40;18220.40;18240.40;18240.40;18240.40;0;0;0;5.40;0.00;2.8;1.9;0.9;0;0;0;0;0;SOLO_CONTA
CONTA;2026.05.29 08:00;ST30;-1;1;1;0;0;0;1;1;0.200;34.97;0.977;5.848;0;18336.01;18329.26;169.55;64.14;18415.60;SCALA3;0;18410.60;18415.60;18420.60;18425.60;18405.60;18405.60;18405.60;0;0;0;5.40;0.00;2.8;1.9;0.9;0;0;0;0;0;SOLO_CONTA
CONTA;2026.06.03 15:00;ST25;1;1;1;0;0;0;1;1;0.455;21.79;0.529;1.301;0;18299.09;18294.50;181.59;63.71;18220.80;SCALA3;0;18225.80;18220.80;18215.80;18210.80;18230.80;18230.80;18230.80;0;0;0;5.40;0.00;2.8;1.9;0.9;0;0;0;0;0;SOLO_CONTA
CONTA;2026.06.04 08:00;ST30;-1;1;1;0;0;0;1;1;0.278;25.21;0.375;2.909;0;18234.49;18253.33;283.45;70.57;18346.40;SCALA3;0;18341.40;18346.40;18351.40;18356.40;18336.40;18336.40;18336.40;0;0;0;5.40;0.00;2.8;1.9;0.9;0;0;0;0;0;SOLO_CONTA
CONTA;2026.06.04 09:00;ST30;-1;1;0;0;0;0;1;1;0.985;25.34;0.366;2.847;0;18242.75;18255.38;283.52;71.64;18346.40;SCALA3;0;18341.40;18346.40;18351.40;18356.40;18336.40;18336.40;18336.40;0;0;0;5.40;0.00;2.8;1.9;0.9;0;0;0;0;0;SOLO_CONTA
CONTA;2026.06.05 08:00;ST30;-1;2;1;0;0;0;1;1;0.260;14.40;0.335;2.767;0;18298.44;18283.40;243.77;67.57;18346.40;SCALA3;0;18341.40;18346.40;18351.40;18356.40;18336.40;18336.40;18336.40;0;0;0;5.40;0.00;2.8;1.9;0.9;0;0;0;0;0;SOLO_CONTA
CONTA;2026.06.05 17:00;ST30;1;1;1;0;0;0;1;1;0.120;21.21;0.568;1.762;0;18366.93;18346.51;288.42;64.00;18293.10;SCALA3;0;18298.10;18293.10;18288.10;18283.10;18303.10;18303.10;18303.10;0;0;0;11.40;0.00;1.3;0.9;0.4;0;0;0;0;0;SOLO_CONTA
CONTA;2026.06.05 18:00;ST30;1;1;0;0;0;0;1;1;0.073;22.95;0.574;1.744;0;18353.30;18342.17;271.05;64.00;18293.10;SCALA3;0;18298.10;18293.10;18288.10;18283.10;18303.10;18303.10;18303.10;0;0;0;15.40;0.00;1.0;0.6;0.3;0;0;0;0;0;SOLO_CONTA
CONTA;2026.06.08 11:00;ST25;-1;1;1;0;0;0;1;1;0.340;22.02;0.419;1.739;0;18287.10;18306.31;317.33;77.86;18321.30;SCALA3;0;18316.30;18321.30;18326.30;18331.30;18311.30;18311.30;18311.30;0;0;0;5.40;0.00;2.8;1.9;0.9;0;0;0;0;0;SOLO_CONTA
CONTA;2026.06.08 12:00;ST35;-1;1;1;0;9;9;1;1;0.280;22.57;0.404;2.526;0;18303.84;18312.17;316.22;81.93;18394.70;SCALA3;0;18389.70;18394.70;18399.70;18404.70;18384.70;18384.70;18384.70;0;0;0;5.40;0.00;2.8;1.9;0.9;0;0;0;0;0;SOLO_CONTA
CONTA;2026.06.09 09:00;ST35;-1;2;1;0;9;9;1;1;0.161;24.70;0.246;2.691;0;18285.10;18288.62;246.70;73.93;18394.70;SCALA3;0;18389.70;18394.70;18399.70;18404.70;18384.70;18384.70;18384.70;0;0;0;5.40;0.00;2.8;1.9;0.9;0;0;0;0;0;SOLO_CONTA
CONTA;2026.06.09 15:00;ST25;1;1;1;0;0;0;1;1;0.245;23.90;0.358;1.166;0;18354.40;18331.46;319.82;66.36;18284.55;SCALA3;0;18289.55;18284.55;18279.55;18274.55;18294.55;18294.55;18294.55;0;0;0;5.40;0.00;2.8;1.9;0.9;0;0;0;0;0;SOLO_CONTA
CONTA;2026.06.11 08:00;ST25;-1;1;1;0;0;0;1;1;0.341;27.57;-0.070;0.942;0;18168.21;18191.31;249.82;85.71;18281.05;SCALA3;0;18276.05;18281.05;18286.05;18291.05;18271.05;18271.05;18271.05;0;0;0;5.40;0.00;2.8;1.9;0.9;0;0;0;0;0;SOLO_CONTA
CONTA;2026.06.18 09:00;ST25;1;1;1;0;0;0;1;0;0.011;29.72;2.370;10.778;0;19359.70;19284.11;415.97;65.86;19296.55;SCALA3;0;19301.55;19296.55;19291.55;19286.55;19306.55;19306.55;19306.55;0;0;0;5.40;0.00;2.8;1.9;0.9;0;0;0;0;0;SOLO_CONTA
CONTA;2026.06.18 10:00;ST25;1;1;0;0;0;0;1;1;1.024;27.14;2.313;10.378;0;19360.92;19291.54;408.13;67.64;19296.55;SCALA3;0;19301.55;19296.55;19291.55;19286.55;19306.55;19306.55;19306.55;0;0;0;5.40;0.00;2.8;1.9;0.9;0;0;0;0;0;SOLO_CONTA
CONTA;2026.06.18 12:00;ST25;1;2;1;0;0;0;1;1;0.384;24.45;2.287;10.059;0;19347.52;19297.13;373.53;68.36;19296.55;SCALA3;0;19301.55;19296.55;19291.55;19286.55;19306.55;19306.55;19306.55;0;0;0;5.40;0.00;2.8;1.9;0.9;0;0;0;0;0;SOLO_CONTA
CONTA;2026.06.22 11:00;ST25;-1;1;1;0;0;0;1;1;0.305;29.23;2.605;12.842;0;19373.32;19366.85;171.27;50.79;19432.30;SCALA3;0;19427.30;19432.30;19437.30;19442.30;19422.30;19422.30;19422.30;0;0;0;5.40;0.00;2.8;1.9;0.9;0;0;0;0;0;SOLO_CONTA
CONTA;2026.06.23 07:00;ST25;1;1;1;0;0;0;1;1;0.294;49.87;2.515;11.287;0;19490.69;19450.19;344.37;51.79;19427.55;SCALA3;0;19432.55;19427.55;19422.55;19417.55;19437.55;19437.55;19437.55;0;0;0;5.40;0.00;2.8;1.9;0.9;0;0;0;0;0;SOLO_CONTA
CONTA;2026.06.23 09:00;ST35;1;1;1;0;9;9;1;1;0.446;40.13;2.195;9.015;0;19457.85;19441.32;343.69;58.21;19378.85;SCALA3;0;19383.85;19378.85;19373.85;19368.85;19388.85;19388.85;19388.85;0;0;0;5.40;0.00;2.8;1.9;0.9;0;0;0;0;0;SOLO_CONTA
CONTA;2026.06.23 15:00;ST25;-1;1;1;0;0;0;1;1;0.046;26.39;1.934;9.672;0;19458.35;19446.79;237.42;65.86;19525.80;SCALA3;0;19520.80;19525.80;19530.80;19535.80;19515.80;19515.80;19515.80;0;0;0;5.40;0.00;2.8;1.9;0.9;0;0;0;0;0;SOLO_CONTA
CONTA;2026.06.23 16:00;ST25;-1;1;0;0;0;0;1;1;0.780;26.18;1.869;9.291;0;19461.04;19449.06;226.86;67.93;19525.80;SCALA3;0;19520.80;19525.80;19530.80;19535.80;19515.80;19515.80;19515.80;0;0;0;5.40;0.00;2.8;1.9;0.9;0;0;0;0;0;SOLO_CONTA
CONTA;2026.06.24 07:00;ST25;-1;2;1;0;0;0;1;1;0.602;25.20;1.783;8.707;0;19480.20;19463.38;204.74;69.79;19525.80;SCALA3;0;19520.80;19525.80;19530.80;19535.80;19515.80;19515.80;19515.80;0;0;0;5.40;0.00;2.8;1.9;0.9;0;0;0;0;0;SOLO_CONTA
CONTA;2026.06.26 07:00;ST30;1;1;1;0;0;0;1;1;0.237;27.88;1.262;4.768;0;19531.09;19501.54;381.99;77.21;19411.50;SCALA3;0;19416.50;19411.50;19406.50;19401.50;19421.50;19421.50;19421.50;0;0;0;5.40;0.00;2.8;1.9;0.9;0;0;0;0;0;SOLO_CONTA
CONTA;2026.06.26 07:00;ST35;1;1;1;0;9;9;1;1;0.594;27.88;1.262;4.411;0;19531.09;19501.54;381.99;77.21;19383.95;SCALA3;0;19388.95;19383.95;19378.95;19373.95;19393.95;19393.95;19393.95;0;0;0;5.40;0.00;2.8;1.9;0.9;0;0;0;0;0;SOLO_CONTA
CONTA;2026.06.26 11:00;ST30;1;2;1;0;0;0;1;1;0.063;21.69;1.415;5.147;0;19479.39;19484.41;327.71;68.43;19411.50;SCALA3;0;19416.50;19411.50;19406.50;19401.50;19421.50;19421.50;19421.50;0;0;0;5.40;0.00;2.8;1.9;0.9;0;0;0;0;0;SOLO_CONTA
CONTA;2026.06.26 13:00;ST35;1;2;1;0;0;0;1;1;0.099;19.35;1.394;4.594;0;19449.42;19469.15;266.29;69.21;19383.95;SCALA3;0;19388.95;19383.95;19378.95;19373.95;19393.95;19393.95;19393.95;0;0;0;5.40;0.00;2.8;1.9;0.9;0;0;0;0;0;SOLO_CONTA
CONTA;2026.06.26 14:00;ST35;1;2;0;0;0;9;1;1;0.399;21.23;1.359;4.512;0;19441.90;19463.94;277.87;69.71;19383.95;SCALA3;0;19388.95;19383.95;19378.95;19373.95;19393.95;19393.95;19393.95;0;0;0;5.40;0.00;2.8;1.9;0.9;0;0;0;0;0;SOLO_CONTA
CONTA;2026.06.26 17:00;ST35;1;3;1;0;0;0;1;1;0.256;16.59;1.357;4.617;0;19427.00;19450.93;304.69;65.93;19383.95;SCALA3;0;19388.95;19383.95;19378.95;19373.95;19393.95;19393.95;19393.95;0;0;0;5.40;0.00;2.8;1.9;0.9;0;0;0;0;0;SOLO_CONTA
